prec 374
threads 8
mode solve
iters 20
h 0.1000000000e-43
dtol 1e-22
gtol 1e-22
g 0.2000000000000000000000000000000000000000000000000000000000000000000000000000000000000000000000000000000000000000000e0 0
dims 21 25 300 27
lamL 0.15000000e1 0.50000000e0 -0.50000000e0 -0.15000000e1
lamU 0.15000000e1 0.50000000e0 -0.50000000e0 -0.15000000e1
th 0.1125000000000000000000000000000000000000000000000000000000000000000000000000000000000000000000000000000000000000000e0 0 -0.2375000000000000000000000000000000000000000000000000000000000000000000000000000000000000000000000000000000000000000e0 0 0.1375000000000000000000000000000000000000000000000000000000000000000000000000000000000000000000000000000000000000000e0 0 -0.1250000000000000000000000000000000000000000000000000000000000000000000000000000000000000000000000000000000000000000e-1 0
c0 0 -0.14699037787330031137654349940592457848925119835509992330017127072532768757930230784585568989278419261955869961e0 0 -0.10813617974470389735146472305628974441145581633309382622228007050197235853507561333878375910434449307866301401e0 0 0.25512074928594380471811102227048389253954740870165307994645175879674255773225965367967266061925328864070119562e0 0 0.58083320604040098972001917304303611596059865406695759995824305574883821182675049667883778753970575205180124419e-5
d0 0.1000000000000000000000000000000000000000000000000000000000000000000000000000000000000000000000000000000000000000000e1 0 0.1000000000000000000000000000000000000000000000000000000000000000000000000000000000000000000000000000000000000000000e1 0 0.1000000000000000000000000000000000000000000000000000000000000000000000000000000000000000000000000000000000000000000e1 0 0.1000000000000000000000000000000000000000000000000000000000000000000000000000000000000000000000000000000000000000000e1 0
fix 0
shift 4 4 4 4
band 4
extra 6 1 5 1 2 5 1 3 5 1 4 5 1 2 6 1 4 6 1
pair 2 1 4 3
n 169
scale 0.40000000000000000000000000000000000000000000000000000000000000000000000000000000000000000000000000000000000000e-1 0 0.16000000000000000000000000000000000000000000000000000000000000000000000000000000000000000000000000000000000000e-2 0 0.64000000000000000000000000000000000000000000000000000000000000000000000000000000000000000000000000000000000000e-4 0 0.25600000000000000000000000000000000000000000000000000000000000000000000000000000000000000000000000000000000000e-5 0 0.10240000000000000000000000000000000000000000000000000000000000000000000000000000000000000000000000000000000000e-6 0 0.40960000000000000000000000000000000000000000000000000000000000000000000000000000000000000000000000000000000000e-8 0 0.16384000000000000000000000000000000000000000000000000000000000000000000000000000000000000000000000000000000000e-9 0 0.65536000000000000000000000000000000000000000000000000000000000000000000000000000000000000000000000000000000000e-11 0 0.26214400000000000000000000000000000000000000000000000000000000000000000000000000000000000000000000000000000000e-12 0 0.10485760000000000000000000000000000000000000000000000000000000000000000000000000000000000000000000000000000000e-13 0 0.41943040000000000000000000000000000000000000000000000000000000000000000000000000000000000000000000000000000000e-15 0 0.16777216000000000000000000000000000000000000000000000000000000000000000000000000000000000000000000000000000000e-16 0 0.67108864000000000000000000000000000000000000000000000000000000000000000000000000000000000000000000000000000000e-18 0 0.26843545600000000000000000000000000000000000000000000000000000000000000000000000000000000000000000000000000000e-19 0 0.10737418240000000000000000000000000000000000000000000000000000000000000000000000000000000000000000000000000000e-20 0 0.42949672960000000000000000000000000000000000000000000000000000000000000000000000000000000000000000000000000000e-22 0 0.17179869184000000000000000000000000000000000000000000000000000000000000000000000000000000000000000000000000000e-23 0 0.68719476736000000000000000000000000000000000000000000000000000000000000000000000000000000000000000000000000000e-25 0 0.27487790694400000000000000000000000000000000000000000000000000000000000000000000000000000000000000000000000000e-26 0 0.10995116277760000000000000000000000000000000000000000000000000000000000000000000000000000000000000000000000000e-27 0 0.43980465111040000000000000000000000000000000000000000000000000000000000000000000000000000000000000000000000000e-29 0 0.10000000000000000000000000000000000000000000000000000000000000000000000000000000000000000000000000000000000000e1 0 0.40000000000000000000000000000000000000000000000000000000000000000000000000000000000000000000000000000000000000e-1 0 0.16000000000000000000000000000000000000000000000000000000000000000000000000000000000000000000000000000000000000e-2 0 0.64000000000000000000000000000000000000000000000000000000000000000000000000000000000000000000000000000000000000e-4 0 0.25600000000000000000000000000000000000000000000000000000000000000000000000000000000000000000000000000000000000e-5 0 0.10240000000000000000000000000000000000000000000000000000000000000000000000000000000000000000000000000000000000e-6 0 0.40960000000000000000000000000000000000000000000000000000000000000000000000000000000000000000000000000000000000e-8 0 0.16384000000000000000000000000000000000000000000000000000000000000000000000000000000000000000000000000000000000e-9 0 0.65536000000000000000000000000000000000000000000000000000000000000000000000000000000000000000000000000000000000e-11 0 0.26214400000000000000000000000000000000000000000000000000000000000000000000000000000000000000000000000000000000e-12 0 0.10485760000000000000000000000000000000000000000000000000000000000000000000000000000000000000000000000000000000e-13 0 0.41943040000000000000000000000000000000000000000000000000000000000000000000000000000000000000000000000000000000e-15 0 0.16777216000000000000000000000000000000000000000000000000000000000000000000000000000000000000000000000000000000e-16 0 0.67108864000000000000000000000000000000000000000000000000000000000000000000000000000000000000000000000000000000e-18 0 0.26843545600000000000000000000000000000000000000000000000000000000000000000000000000000000000000000000000000000e-19 0 0.10737418240000000000000000000000000000000000000000000000000000000000000000000000000000000000000000000000000000e-20 0 0.42949672960000000000000000000000000000000000000000000000000000000000000000000000000000000000000000000000000000e-22 0 0.17179869184000000000000000000000000000000000000000000000000000000000000000000000000000000000000000000000000000e-23 0 0.68719476736000000000000000000000000000000000000000000000000000000000000000000000000000000000000000000000000000e-25 0 0.27487790694400000000000000000000000000000000000000000000000000000000000000000000000000000000000000000000000000e-26 0 0.10995116277760000000000000000000000000000000000000000000000000000000000000000000000000000000000000000000000000e-27 0 0.10000000000000000000000000000000000000000000000000000000000000000000000000000000000000000000000000000000000000e1 0 0.10000000000000000000000000000000000000000000000000000000000000000000000000000000000000000000000000000000000000e1 0 0.40000000000000000000000000000000000000000000000000000000000000000000000000000000000000000000000000000000000000e-1 0 0.16000000000000000000000000000000000000000000000000000000000000000000000000000000000000000000000000000000000000e-2 0 0.64000000000000000000000000000000000000000000000000000000000000000000000000000000000000000000000000000000000000e-4 0 0.25600000000000000000000000000000000000000000000000000000000000000000000000000000000000000000000000000000000000e-5 0 0.10240000000000000000000000000000000000000000000000000000000000000000000000000000000000000000000000000000000000e-6 0 0.40960000000000000000000000000000000000000000000000000000000000000000000000000000000000000000000000000000000000e-8 0 0.16384000000000000000000000000000000000000000000000000000000000000000000000000000000000000000000000000000000000e-9 0 0.65536000000000000000000000000000000000000000000000000000000000000000000000000000000000000000000000000000000000e-11 0 0.26214400000000000000000000000000000000000000000000000000000000000000000000000000000000000000000000000000000000e-12 0 0.10485760000000000000000000000000000000000000000000000000000000000000000000000000000000000000000000000000000000e-13 0 0.41943040000000000000000000000000000000000000000000000000000000000000000000000000000000000000000000000000000000e-15 0 0.16777216000000000000000000000000000000000000000000000000000000000000000000000000000000000000000000000000000000e-16 0 0.67108864000000000000000000000000000000000000000000000000000000000000000000000000000000000000000000000000000000e-18 0 0.26843545600000000000000000000000000000000000000000000000000000000000000000000000000000000000000000000000000000e-19 0 0.10737418240000000000000000000000000000000000000000000000000000000000000000000000000000000000000000000000000000e-20 0 0.42949672960000000000000000000000000000000000000000000000000000000000000000000000000000000000000000000000000000e-22 0 0.17179869184000000000000000000000000000000000000000000000000000000000000000000000000000000000000000000000000000e-23 0 0.68719476736000000000000000000000000000000000000000000000000000000000000000000000000000000000000000000000000000e-25 0 0.27487790694400000000000000000000000000000000000000000000000000000000000000000000000000000000000000000000000000e-26 0 0.10000000000000000000000000000000000000000000000000000000000000000000000000000000000000000000000000000000000000e1 0 0.10000000000000000000000000000000000000000000000000000000000000000000000000000000000000000000000000000000000000e1 0 0.10000000000000000000000000000000000000000000000000000000000000000000000000000000000000000000000000000000000000e1 0 0.40000000000000000000000000000000000000000000000000000000000000000000000000000000000000000000000000000000000000e-1 0 0.16000000000000000000000000000000000000000000000000000000000000000000000000000000000000000000000000000000000000e-2 0 0.64000000000000000000000000000000000000000000000000000000000000000000000000000000000000000000000000000000000000e-4 0 0.25600000000000000000000000000000000000000000000000000000000000000000000000000000000000000000000000000000000000e-5 0 0.10240000000000000000000000000000000000000000000000000000000000000000000000000000000000000000000000000000000000e-6 0 0.40960000000000000000000000000000000000000000000000000000000000000000000000000000000000000000000000000000000000e-8 0 0.16384000000000000000000000000000000000000000000000000000000000000000000000000000000000000000000000000000000000e-9 0 0.65536000000000000000000000000000000000000000000000000000000000000000000000000000000000000000000000000000000000e-11 0 0.26214400000000000000000000000000000000000000000000000000000000000000000000000000000000000000000000000000000000e-12 0 0.10485760000000000000000000000000000000000000000000000000000000000000000000000000000000000000000000000000000000e-13 0 0.41943040000000000000000000000000000000000000000000000000000000000000000000000000000000000000000000000000000000e-15 0 0.16777216000000000000000000000000000000000000000000000000000000000000000000000000000000000000000000000000000000e-16 0 0.67108864000000000000000000000000000000000000000000000000000000000000000000000000000000000000000000000000000000e-18 0 0.26843545600000000000000000000000000000000000000000000000000000000000000000000000000000000000000000000000000000e-19 0 0.10737418240000000000000000000000000000000000000000000000000000000000000000000000000000000000000000000000000000e-20 0 0.42949672960000000000000000000000000000000000000000000000000000000000000000000000000000000000000000000000000000e-22 0 0.17179869184000000000000000000000000000000000000000000000000000000000000000000000000000000000000000000000000000e-23 0 0.68719476736000000000000000000000000000000000000000000000000000000000000000000000000000000000000000000000000000e-25 0 0.10000000000000000000000000000000000000000000000000000000000000000000000000000000000000000000000000000000000000e1 0 0.10000000000000000000000000000000000000000000000000000000000000000000000000000000000000000000000000000000000000e1 0 0.10000000000000000000000000000000000000000000000000000000000000000000000000000000000000000000000000000000000000e1 0 0.40000000000000000000000000000000000000000000000000000000000000000000000000000000000000000000000000000000000000e-1 0 0.16000000000000000000000000000000000000000000000000000000000000000000000000000000000000000000000000000000000000e-2 0 0.64000000000000000000000000000000000000000000000000000000000000000000000000000000000000000000000000000000000000e-4 0 0.25600000000000000000000000000000000000000000000000000000000000000000000000000000000000000000000000000000000000e-5 0 0.10240000000000000000000000000000000000000000000000000000000000000000000000000000000000000000000000000000000000e-6 0 0.40960000000000000000000000000000000000000000000000000000000000000000000000000000000000000000000000000000000000e-8 0 0.16384000000000000000000000000000000000000000000000000000000000000000000000000000000000000000000000000000000000e-9 0 0.65536000000000000000000000000000000000000000000000000000000000000000000000000000000000000000000000000000000000e-11 0 0.26214400000000000000000000000000000000000000000000000000000000000000000000000000000000000000000000000000000000e-12 0 0.10485760000000000000000000000000000000000000000000000000000000000000000000000000000000000000000000000000000000e-13 0 0.41943040000000000000000000000000000000000000000000000000000000000000000000000000000000000000000000000000000000e-15 0 0.16777216000000000000000000000000000000000000000000000000000000000000000000000000000000000000000000000000000000e-16 0 0.67108864000000000000000000000000000000000000000000000000000000000000000000000000000000000000000000000000000000e-18 0 0.26843545600000000000000000000000000000000000000000000000000000000000000000000000000000000000000000000000000000e-19 0 0.10737418240000000000000000000000000000000000000000000000000000000000000000000000000000000000000000000000000000e-20 0 0.42949672960000000000000000000000000000000000000000000000000000000000000000000000000000000000000000000000000000e-22 0 0.17179869184000000000000000000000000000000000000000000000000000000000000000000000000000000000000000000000000000e-23 0 0.68719476736000000000000000000000000000000000000000000000000000000000000000000000000000000000000000000000000000e-25 0 0.10000000000000000000000000000000000000000000000000000000000000000000000000000000000000000000000000000000000000e1 0 0.10000000000000000000000000000000000000000000000000000000000000000000000000000000000000000000000000000000000000e1 0 0.40000000000000000000000000000000000000000000000000000000000000000000000000000000000000000000000000000000000000e-1 0 0.16000000000000000000000000000000000000000000000000000000000000000000000000000000000000000000000000000000000000e-2 0 0.64000000000000000000000000000000000000000000000000000000000000000000000000000000000000000000000000000000000000e-4 0 0.25600000000000000000000000000000000000000000000000000000000000000000000000000000000000000000000000000000000000e-5 0 0.10240000000000000000000000000000000000000000000000000000000000000000000000000000000000000000000000000000000000e-6 0 0.40960000000000000000000000000000000000000000000000000000000000000000000000000000000000000000000000000000000000e-8 0 0.16384000000000000000000000000000000000000000000000000000000000000000000000000000000000000000000000000000000000e-9 0 0.65536000000000000000000000000000000000000000000000000000000000000000000000000000000000000000000000000000000000e-11 0 0.26214400000000000000000000000000000000000000000000000000000000000000000000000000000000000000000000000000000000e-12 0 0.10485760000000000000000000000000000000000000000000000000000000000000000000000000000000000000000000000000000000e-13 0 0.41943040000000000000000000000000000000000000000000000000000000000000000000000000000000000000000000000000000000e-15 0 0.16777216000000000000000000000000000000000000000000000000000000000000000000000000000000000000000000000000000000e-16 0 0.67108864000000000000000000000000000000000000000000000000000000000000000000000000000000000000000000000000000000e-18 0 0.26843545600000000000000000000000000000000000000000000000000000000000000000000000000000000000000000000000000000e-19 0 0.10737418240000000000000000000000000000000000000000000000000000000000000000000000000000000000000000000000000000e-20 0 0.42949672960000000000000000000000000000000000000000000000000000000000000000000000000000000000000000000000000000e-22 0 0.17179869184000000000000000000000000000000000000000000000000000000000000000000000000000000000000000000000000000e-23 0 0.68719476736000000000000000000000000000000000000000000000000000000000000000000000000000000000000000000000000000e-25 0 0.27487790694400000000000000000000000000000000000000000000000000000000000000000000000000000000000000000000000000e-26 0 0.10000000000000000000000000000000000000000000000000000000000000000000000000000000000000000000000000000000000000e1 0 0.40000000000000000000000000000000000000000000000000000000000000000000000000000000000000000000000000000000000000e-1 0 0.16000000000000000000000000000000000000000000000000000000000000000000000000000000000000000000000000000000000000e-2 0 0.64000000000000000000000000000000000000000000000000000000000000000000000000000000000000000000000000000000000000e-4 0 0.25600000000000000000000000000000000000000000000000000000000000000000000000000000000000000000000000000000000000e-5 0 0.10240000000000000000000000000000000000000000000000000000000000000000000000000000000000000000000000000000000000e-6 0 0.40960000000000000000000000000000000000000000000000000000000000000000000000000000000000000000000000000000000000e-8 0 0.16384000000000000000000000000000000000000000000000000000000000000000000000000000000000000000000000000000000000e-9 0 0.65536000000000000000000000000000000000000000000000000000000000000000000000000000000000000000000000000000000000e-11 0 0.26214400000000000000000000000000000000000000000000000000000000000000000000000000000000000000000000000000000000e-12 0 0.10485760000000000000000000000000000000000000000000000000000000000000000000000000000000000000000000000000000000e-13 0 0.41943040000000000000000000000000000000000000000000000000000000000000000000000000000000000000000000000000000000e-15 0 0.16777216000000000000000000000000000000000000000000000000000000000000000000000000000000000000000000000000000000e-16 0 0.67108864000000000000000000000000000000000000000000000000000000000000000000000000000000000000000000000000000000e-18 0 0.26843545600000000000000000000000000000000000000000000000000000000000000000000000000000000000000000000000000000e-19 0 0.10737418240000000000000000000000000000000000000000000000000000000000000000000000000000000000000000000000000000e-20 0 0.42949672960000000000000000000000000000000000000000000000000000000000000000000000000000000000000000000000000000e-22 0 0.17179869184000000000000000000000000000000000000000000000000000000000000000000000000000000000000000000000000000e-23 0 0.68719476736000000000000000000000000000000000000000000000000000000000000000000000000000000000000000000000000000e-25 0 0.27487790694400000000000000000000000000000000000000000000000000000000000000000000000000000000000000000000000000e-26 0 0.10995116277760000000000000000000000000000000000000000000000000000000000000000000000000000000000000000000000000e-27 0 0.40000000000000000000000000000000000000000000000000000000000000000000000000000000000000000000000000000000000000e-1 0 0.16000000000000000000000000000000000000000000000000000000000000000000000000000000000000000000000000000000000000e-2 0 0.64000000000000000000000000000000000000000000000000000000000000000000000000000000000000000000000000000000000000e-4 0 0.25600000000000000000000000000000000000000000000000000000000000000000000000000000000000000000000000000000000000e-5 0 0.10240000000000000000000000000000000000000000000000000000000000000000000000000000000000000000000000000000000000e-6 0 0.40960000000000000000000000000000000000000000000000000000000000000000000000000000000000000000000000000000000000e-8 0 0.16384000000000000000000000000000000000000000000000000000000000000000000000000000000000000000000000000000000000e-9 0 0.65536000000000000000000000000000000000000000000000000000000000000000000000000000000000000000000000000000000000e-11 0 0.26214400000000000000000000000000000000000000000000000000000000000000000000000000000000000000000000000000000000e-12 0 0.10485760000000000000000000000000000000000000000000000000000000000000000000000000000000000000000000000000000000e-13 0 0.41943040000000000000000000000000000000000000000000000000000000000000000000000000000000000000000000000000000000e-15 0 0.16777216000000000000000000000000000000000000000000000000000000000000000000000000000000000000000000000000000000e-16 0 0.67108864000000000000000000000000000000000000000000000000000000000000000000000000000000000000000000000000000000e-18 0 0.26843545600000000000000000000000000000000000000000000000000000000000000000000000000000000000000000000000000000e-19 0 0.10737418240000000000000000000000000000000000000000000000000000000000000000000000000000000000000000000000000000e-20 0 0.42949672960000000000000000000000000000000000000000000000000000000000000000000000000000000000000000000000000000e-22 0 0.17179869184000000000000000000000000000000000000000000000000000000000000000000000000000000000000000000000000000e-23 0 0.68719476736000000000000000000000000000000000000000000000000000000000000000000000000000000000000000000000000000e-25 0 0.27487790694400000000000000000000000000000000000000000000000000000000000000000000000000000000000000000000000000e-26 0 0.10995116277760000000000000000000000000000000000000000000000000000000000000000000000000000000000000000000000000e-27 0 0.43980465111040000000000000000000000000000000000000000000000000000000000000000000000000000000000000000000000000e-29 0 0.10000000000000000000000000000000000000000000000000000000000000000000000000000000000000000000000000000000000000e1 0
z 0.384139170784155351920129827697677903248500302766803412322432702391294122859633836808612021100784546522713669027e-28 0.512328059573754659941627373969776500732193876900598657984430780021041388142635679210212449197758180710580519041e-7 -0.135528851028765345868333988185894889432527147072634960160729550175732291884359728743186586095541817772045817344e-29 -0.261457666435722902750657081858607113138170317687723024720084363956705015916095974698862348189072049356252467677e-6 0.175144269726871983372771834200200208306907665220636576129871348701576720865949222241529689380667949127781610120e-32 -0.101132600421913581581851827651815235465303778662415431642385611313448827690499234661002789916426572651358881003e-9 0.134146923481908971344554864250841654920500714270891214116763962981435180606832294922729150235810484609590031073e-30 0.239437993160980377264579771781358819320411658970548643045428843944935669267143178417046172930374108617960669328e-9 0.184869476236229001624868923329724066025574541823499090689868091673979844190596764765376574978871671995888016809e-30 0.154027599970090464647798338550894652209624555564566731220053554213522608511618187815035045044385349038689035202e-12 0.118716380870620973856741405664193400758395753279644393892472413309100400081971841180903867335931423247644575636e-30 -0.211241957440662157227255567765285538712339147536323918394195745589190259808118448903051821447576261979737198577e-12 0.119338618498628320922385004127392207189776129784888306945921313161273618002005050791687709844453902259496455198e-30 -0.189413247987847070199079278467888215250760723859987348073295130719128945193169801884824045939091206269217296469e-15 0.548987503453187696673826010010399185001146747909650956026163375995530850940075629315452880991852676432602096548e-32 0.146367647485842466810265864521824801338036089167888614756225325291770844346415282389292287742909072762842332697e-15 -0.239519101130189200073770804615540162147339843995535771344220540195641768293673743848756948663243479912460115473e-33 0.185618605818527186788023652549586888374102884784049525572227531748179545745281568742219480731287371843561307371e-18 -0.889386666812395656107827478213820304317762005386651400153158094940954824662062236274713574198261028726131577261e-35 -0.471538096961000646672980897078186486879616803991451053745440876497546513411737478369025122432404495970702356688e-19 0.101474720228022624717380357002873748444462089666761761130822325424808975928079622831399161200865058990532274702e-35 -0.128914667266303270474727307044251140641685759402238692641782958498977809296869470172010769548944890956888728461e-21 0.416753044773967773907640319049219009777967562770076947187245584787872816996646260946362928237122636316707404491e-37 -0.642146450161715480252351161093450500533657572935964301012068158061315925286906670360072304636193713629943311315e-22 -0.879165130322726376249726478214569774534062460638730160207685276011615734228924113707447732196827083503515049179e-39 0.231264858078663755344263055413438886698164861288539467566150836907058516980253430910657580753071668575425268134e-25 -0.157907444312850753536181503423141828356724849980928842506180068883781151392446174478909863873063423010627183397e-40 0.151671181009001362548979012246111165326963460817632048644823060263312501124240092283748321249232022871371690688e-24 0.435760451252967057196460255571296957111444475752949678474826202410118009416990333658619710943443166558364966993e-41 0.104597513673056104500311282998231949718420786273728623421190538407995565381553321233077376268446285438888109038e-27 0.214162943732493975536465530756731111378833007325682965667793694758857051245960347530576470861028389307940860722e-42 -0.177113547492977023249066630111356729022768970254626461614080566401062699633976509214204246085797023368257209618e-27 0.174600441833022527038255588220339692241168695741190505245938416675781927627503516699784668651791618244409712155e-43 -0.206764048263203929901536398234137057364600055260756388126878607332849993031965805540186572570261082679836734743e-30 -0.554556780048980064992509562067604033654314927261538122196920387304829094394612570041423170458124443991572536937e-43 0.117550196344353538613547490547213645200164050352724889374953110354723526430662511545438317596762948307684655334e-30 -0.800461179893227464398940866139669221061501025335977432723568444855969575837932920253685970908792005126622478879e-44 0.230144010564071045213293365125618307745723077068995139655130284319623686605472805577101669283839937144051966880e-33 0.376956999046437615596797940578578486088363638094122777827502276569849304491673449242501426457763818204460218811e-43 0.180832050980259697585451347789784083266064707757828765208887747128096802625200946856990206083131814548111762070e-34 -0.139737272851658804285961836662390482019755217544437725103671976449468625977244993155120845188056628049131390790e-43 -0.140081013158801956597290203400090448749160525681068038583214538867705420696462297528078885789287940344583265494e-36 -0.350199506025080392599004834250090772480134269324122815241974849564576166533172671089433716313407376160927703858e-29 0.263939358175808120570838048004373485319275976187106830679302396911659397771057834484375884707439307803034462777e0 -0.576343700947754648299881665629134173388645860608892235089368415518354472849239288704105049048555649804110534269e-28 -0.974386077517337808913299794996267608907360575539257070950249492347383668684788411604165000819272222482904999574e-3 -0.109147623152649100744725873925075371376717958249446696462473325337142724394890419620950659806531430734384252989e-28 0.469678707124706494063069303270993178850938177541446395766170746763450088844386613354876046254291342784168452600e-6 -0.513336797503829974798069595932675333017384910648497148573492758162438247521351686369124129439226825067858118421e-29 -0.131165681857212440104735755056498661325903252578662887701632113271516311422617669627665705847790071475313058160e-8 -0.327687067655710954026450313537492207554945515051765342626189664162812168811547156486042668646534514035588903660e-31 -0.430401252348421036542042808880090874544173080354687980452444257828674513196495708393610061990729025603314584409e-9 0.345755684212681825238416373694236121132172963562796383719946168344422240519718028653823451135393962172199372439e-31 0.103398565784068740394626608184609179210275449391757640341528145197179705260191724160608695985424244057468346833e-11 0.539583205086468040748924133362980204129435949760765598167988353340857846559142650378921186937794699344658049220e-33 0.380060330480227946330372793551800196838765078013982740886075847008943934800239858668642548854119747341974550925e-12 -0.692580430772536283734110584160679803516229218850593185170407732257159896481379257033315544577658997169296339042e-34 -0.763223605144819978311484648616519800540504938292943904305610703709348190700069516201119422681821507433515102066e-15 -0.214184710998390091246906866380949402888494747174108101076171485939435007756245015611604813294351283200419437568e-35 -0.263776346510414844674533441324221674532856613496998499131268315862110348456274263181573131155591554883069993528e-15 0.126854849444084210562401931362990056108616269342621818598806526485842042168627844740014089929536220028986095216e-36 0.353950066210397725758928542197740547956158957220852758535775604837199914528353909205663729422788252262647466681e-18 0.734738715656097037341177325110303557244095450055615532949377380557607416187680562015706346627326584738030924832e-38 0.856295225757923181369272640376843665285652854496362424653644257485071170481355520387157443028710927821941511277e-19 -0.227999467742662724570443598912421025782839462779284968802946557282257163759129896272334866669894934814073822144e-39 0.142900493433861830428586994417328969075788664572784140061700753054673394998518420221485986871614229480112458102e-21 -0.236728600078581369697588177334555639388437367941600351714540018799392692483347140303710564299202505679019796269e-40 0.114623684691405631380677151178771171978373761698892349899332868219663763937031355865431753883888426061895657276e-21 0.529666896412432113612851915448420460522241121116810042147114622523919162985970814266412058731007554546220620316e-42 -0.587700914932395283368289963655021980581036090537033036408941195250465046043813265140893330414564954582168892168e-24 0.111219963577765359897687454507332619227470508748128813307802287987160103862436075391726359294315516246859162439e-42 -0.272207762126882691369940256518802683352831720910000103659753847744215765881684869442239145819924904766916269059e-24 0.383539608323463777165867089178391332549745765121648462257703665097406180904329622786443131541523868494539790320e-43 0.806370662985313085750746835173703805817594711989083538662788191336279630282385444632882851295675216217211009481e-27 -0.660789022313760168360385546800057300173407088134687325448737826334882220132354116543284139886176371250935268180e-43 0.318565879426385830822204746423970205522318135043705639581041277311690096040440723376996222320457811011555264333e-27 -0.518572959118790904588846206050972235493936675224321026918929619455618449125709107787250480786816315152889683395e-43 -0.664000562091609171347255704171401978277281656139913145494535513803012621579604418182641170881850379143017964087e-30 0.967524301848625462364330815574841491630284409947145697621108486641472083203393147225888188552947107785787917090e-43 -0.212162018437835975171737786034221008338455994631961264025839334113206566568390248270438839218408492961952273230e-30 0.325285870966432813590269705526591631434165332873330339524922164501036444803164885565556908079019993779559427017e-43 0.146015033778917502915785189170492151401348970585285521596679980809730641898983415040271429911331687668897354767e-33 -0.756557280373493686513458163226437422636511234045704000399203643952809724236504594724461977550779999225411166171e-43 -0.312461767235557158065573017657516792743037630562622960680197716709736659766931956837441260122632114315644524414e-34 0.719988464481217112815008497510449032067151400104914537868770188414085910700123058022357032783836109617417716776e-28 0.157094694166558025526172348106536409231488076955612346022482553418433488656748879647937207930933634993401053192e2 0.101541489949418133864651732320525824713502404434853447805127781204124020047836492414763315373695410143451205523e-27 0.626657010518992002627944884674494077103023788817672486427030186630889583090984648099360274165463177985965067833e3 -0.163643774358435625500324348471912840319408467301920302919953536116844920341058510445770964262343050397821284084e-24 0.619185117931089555639963302042016433357652681345539284830704136725165881308984112437467789943340996776614767948e0 0.565261505351595705482780919601264368784043873380971353491197610420680012107725050170618970038103496078940243051e-26 0.138785123724379132750893563533598520937126936873236184196227423057253386219578660624322704571005745101795357777e-2 0.334540717134333128320370957737291449150811651962123593671240392854647738479282296069731724834641109550074688853e-27 0.150701197512582891927254649722192396598609983898010412697361480972360913991847608323989130284071291708475015452e-5 -0.738906895135839311765268181122097777704402126246513447753043557655262912718176286892461084618497813412627016154e-28 -0.101989082459202605059792028130518140719685219041736238849063659317845709002953837129715268956782771473092119608e-5 -0.201767974579561237119275678119532615377186276692307630887641298319157353623538502565342459237518969873383956069e-29 -0.164250072585272479994595551818737925002790490784435485411625593078631783442856796154571852997279804435754571288e-8 0.515956946579776311669613002216003196751434352415712570955768165672647136566043267827467359089283370240873571757e-30 0.899508328324332774338176933691775770486192204104408998523327726119317678610580229140122784431283912711360784913e-9 0.757794547109675741896870772253986433259916292086260116493661747299213355688710663981055308248770614435760558941e-32 0.168120297924070339894520456989653315507920305506491658470920934141260015784079624358194122852898982231394861429e-11 -0.275478334687638267243911862377270881643505205546405885606450118860135470964300652962496164069642079118082996490e-32 -0.622838669585391555427836482284171278152646233385539854741211274615408096553092307261528929911750512238247228759e-12 -0.219120983413012239693964044306112975372548575794629262995156998794042288766088855204332314977566494439382198689e-34 -0.140204335482130374129392081494754926545884348919051602425614107270216557152766287230979914812416823981679266070e-14 0.122657362581895209873646512773349224798546743333066596526102070136569476373386659642796547470699028121970084566e-34 0.199998258742248065750595084281123978648884304142868611667160089623996364667432146911693547702152701377033750918e-15 0.662839167602912615586613325038314009569407501704774099493057540670886369926697418915817063098763097736331020948e-37 0.754087669642741637502386203080604084920398818952316791018466374289150046482741733862462274001587586867939341753e-18 -0.492572063284965286756498949669191531015460783151571384984220496155910658920103155295282607340408789723732962677e-37 0.274380296410848332025658685161642934328554574088609893277673881762017867164103700742047282532641212166742497643e-18 -0.312570217218526462928554539856531077040121485324833207507338371866014024711831670282677962906195936351427429889e-39 0.156635632791569955763476637126507561902522639230355945637376207924510329247892381337962748285897087806846618880e-21 0.268283488121106200533292594951970513129662017468195181938572571643008130821965499928630287357385845404305535170e-39 -0.646591869203964940386946215479968198839777207366545630543046381345752859535535566642666800075750340281117011526e-21 0.491926861342480884774613920371939070040003455233531621278652617469999131661103518956315899651187748563350831086e-40 -0.106645888164981464527040913856660044796278515997470612261282927753427209218009260027018859705400617215251313988e-23 -0.176699411713961045926544582917124914410995045236324258869585704636196059793728955544623351115150995371808034730e-39 0.754373883839150091437056205839831174809177715545884970016074995955993968393140181044786997031240068084506006918e-24 -0.579128258493088523496403168240801869276278396038543014827725858875621512923923241631636418882408654506094782342e-40 0.161490179424781128429321157977100793493282467526879590209032824929796482934162737840266886105857484024340817000e-26 0.239297674306700998195481470092809643510211676979603923821157724433126076932599016591736608619338338022360757139e-39 -0.499972230641921970598432811916348047123768346266783237590092864777027304075221809349372216900552432261361901364e-27 0.313793232404757128924450892389415262200931179326264183560486452666684075213294915402607719432971003418586409760e-40 -0.147741750362123880577833629912334407793691357886905212191356694211206720900401150122657555494331271537789487090e-29 0.338887243311127714977918184188712958506162944082756479730616708644055803823895601821095336425027376086763493649e-32 0.266150671684250586311534663856384373955707736416935455515593748654687738740688041446275109985208771501285342452e-2 0.677424600756391682100984736842885810607506499608266252795232553493173292225084676419900971124941826572570935961e-30 0.184078906808117406054210880071454549030115111681916431065541210055656297153848976298879257280169108905535104691e0 -0.562657781811835243536622087597905994554317826150571601966610586015242429088555799459668958005638750628456090935e-29 -0.138924874603231829969659410503143496818709415161759178245643831826212941091871564586182535618942942747605567100e1 0.358722524035421569467360970329392925525729523577309427311075329660322087594999122386561828301648370695122675488e-27 0.517218898936884537205692000221824725442077172013737133381395148163023907727026068418034130534777760565987803989e-2 -0.145792633847869603278573978973429569980391380886943902941087441457221595929866198281494707654772120379282023965e-28 -0.189276090674974059134731723466869800374963185410642181270805727824844547516976163156526690013419036889811989892e-4 -0.596196408609817018570134233724614314571084071924861530058578759904080478438072694440513136603960769962066939124e-30 0.379867288110537041194522700666557551896731577432756567769417128766327173618799721451047101321680780165227823409e-7 0.168258628154487960934487384456390742089864596934406578601454761423775146672881811895268509909975989948794155750e-30 0.223654006670522671451573252327702093683360499819596373658691564625133973746802271774317445710810123525154829265e-8 0.316888758442739904033896515594421715147923501580684570288493156914191654283148600602010015313889208029913810666e-32 -0.658284717766318182813773168021047952814391081398998600487029175652954242266264164126766594698235635688023889379e-11 -0.117407586519357404247459628290814887213333342490659694332341099007596465564434062952627442464166356907646525453e-32 -0.197389494505247636119062678441495182720785078254668543174513199737699046015388872612506513144783721649668499545e-11 -0.885572317070461061779779798576595603350489750256542970406360998159682369983125346206111025403380220462099631116e-35 0.530334903643611574434825073341449870086855594520759601371923230263131847201756992299718799888475873292350957045e-14 0.622377616300094732429432712760067334810216690195579514196077980143285810959363410015978684286186223114646279271e-35 0.136467411697595474734313176907266447201590597241147359063918233872707651053530300850978635975340202611989180474e-14 0.829420923988026579894004030837396899853511437927138402604630254739402567290754447295507143054313940817303465220e-38 -0.315165426031341152517615559819634602933599897272849849057535981916133066766823441670601175324387270251862044434e-17 -0.275155581288809314828342289924699655278601923841694803661733155485228273170849116685396654386927546955086278386e-37 -0.433805404811618825998800879963036533015615678383364279640072745895195879097945772788605553150264723971491502040e-18 0.314583738746014580748783737247129280992200534785095489050186162496612765303386336874601313596524922963181272299e-40 0.333615815981506275699177491725345155136711351821997878678542161561215947401863655680469981848221937339100100982e-21 0.110077857210111295851636252675244500781425860858958226382802392081772595573248261943575173833519744712672667203e-39 -0.609592716832308277425689131104060004503343790409507137564882034920584974056494918397712391019375669807930255537e-21 -0.126318002453709057392211786333137574946666725782129800990353224947062844310414240455732899152300364310145151336e-43 0.243640703799092400419600539561541936875521253170343604426396807978236495484541486481050786659076632782323279271e-23 -0.581190650270484684324333311466282199908367737394761376092076419707510414090665583308658546853276845946511503134e-42 0.142686687798494036207089881556319199326630538862121487551598116955519841988850084690374529428438449975848360125e-23 -0.158141665142535462751643832542070104295366995621574294305901090571793218302688241961530948424246015853543415984e-42 -0.418991972663107608809645923429398332936232521178787634254560802781091175115189935447425106169688609196917329926e-26 0.370946223939889295854364861665655395036277336340625072502181274145248217348077390070321276485424792711253734804e-42 -0.166100520201846366787684706016101243472235293954107527722483435550519958296701109138192724661912015181001912410e-26 0.199219025730540075236053160292231950446703278005482671670939752922611911000450496367769842496021145439455259237e-42 0.407820704546879907504439522189199244233338147159498519094646041591256737435790425468566049040586628254758461487e-29 -0.519778700970622188223647668026565644376892422414878022752767669057624798476712853441213675961215823296408802550e-42 0.109753328799391226520450313506190647360807184236950369983197031887278669173571571749759492574506893966592856611e-29 0.106476246776399058953513482481517105737597257531652005431725609038742757638296394596607002875888627024303628773e3 -0.261336269993990757859450977357209943955864285635978356109116057756696602137490433332615644387211326261738294169e-27 0.425605804499561700734737057894788770410157233698406830608588869310307673315030248389183776408666344922867785795e4 0.153435151220645685146462327793023205847554207816342747932017901463699715910705771736895568349996704412159367655e-26 -0.525194048733726973868185768131091396857808138978975271485761573566752243905567733021569453572628234408672233192e3 0.120613783476175636164355228298008008595756398191735995604432386993738381286567200991693812573716777719206821601e-23 0.943070839677952630097861548216934413261238750018575860055601367600807521531809879598360208609695066803329726234e0 -0.101089095425589013035916563832374205750581118076198714275918605599108924983290704875241032106126639565573823968e-24 0.102753450143170883542953379707272862038717542222865366048360445696122032862206583991284649023958152724484734499e-3 -0.936511015608074461095399493367319187579541950024085052463293102221909426698241808569637028247547146790055359570e-26 -0.463929626134280409475950021847161997338626576673451891826615341540411311144245197455144613573786680831164991755e-5 0.895769265734615829536377167194183373554369350116001015597130668614617488627801796748449132834901577977974433902e-27 0.880613412443972703705432978729466926838753895902044642064525823235254291258993685404364637982500051979297974488e-6 0.368526225858246068698894952055605081315439362478759492741803811542361196737704872195600016445268016643677858660e-28 0.490194674443543590497709570519691176698804213111965560371720668028869658172109212723158682119024591511406982821e-8 -0.486499294116029557417914388012639866323961259200152543094295623149648809526417830539989259577032909453321924723e-29 -0.791213584824801590378916659652411921041741096387725429092408979843744897584581659935901929737134907545833895980e-9 0.713136003583914498850747224100447645202583767042631231091656778324299878448161827888455945519368779829409516203e-32 -0.333069238428261029571830458713144155945745415215882332831450845635077796574241121196486582053665083751172905570e-11 0.211176616896749809219226488568470567163929646663592081824540481157763855372686496028709878748860974371182008884e-31 0.568148377558120404632080961323330153395135842784337697041369948694792987699198410133292116720792453333549102564e-12 -0.811738837279218069035956769671377672985810955491206538525637886439346826697883923099662786708046119223311372097e-33 0.920009749208078762673134070151091288925836420623641051546665516906558054118812634891892378231543034105185695399e-15 -0.835097118275398135825972526359683465146236289395936168559057361139183505493473442920363210370806363287817882919e-34 -0.214979108473747520808601948696024389537587192540747004682885231361496070584364700962161017220010511357716398524e-15 0.498223832885784724043687342631853834592071534812463256195146841394832116364714468190661713714032833097207330558e-35 0.175292304886047818693349969891656504454006403392305401313352144757556027469364624777260594040947069873912291058e-17 0.331126046169747508483371914410905395396709523428032254951706295369445223238542590876435074351180619473158403662e-36 -0.192881654839610204084869525175339723102495916827806434819535048427632475013461048617061211400702444742769506567e-18 -0.177839804055719261616719517073168052480333143553643572913737838724214630584979322768623172182330300602882767124e-37 -0.379883630703012668924342842974835823132289422831079501754684676442135862674584627883566249794418021775504682978e-20 -0.141219345946291687677181846586288867587531404931610970060736912794181269831916344654111134062359904805630994971e-38 0.527391466731731520958747185790624631093155155033114588412563933516002640380183774500775610188752029238894306255e-21 -0.327195220591134572013925180957512453922874592372226666016517463136953745560506846324554417998565324920085183790e-38 0.429961492065721893238609353867228489118833867703121965179856105362039247220244121366429408093392255351731411826e-23 0.582888156345595950377748909961222297273112504832665472588557520258526057419319370740380111322890096373990617922e-39 -0.648329779880055127861543183553455383816905031141021961609038529178872316271739531152610285526288472955673461753e-24 0.422599235143496924878928568195401375013762678582555995114821146130371731075487657936460356944810346105355197846e-38 -0.272574512699887494945124250301373343286812685612670549771946046105040921093052646567031888700495552509213076749e-26 -0.129740609976473963609344422908221366445417081378186431467262840241975689923986593851233315312982934419944748023e-38 0.464154254744146993943914711750667594910784058785014797345931003048841001875708962541713024563813035016955543779e-27 -0.231667965058246634255426793689962543901763716291366921268021598399048906891196945404820784436683570922981979200e-38 0.271815716225861586693919886696776492530941367165914106801493614473344513597397786888922548161520169188062851753e1 0.323850451210555036204578407418217064980070765181007580520637375755601153498357254357482377365447884108229527383e-28 0.366265239092777930349169194278181748953941515766828955428283436908475243633923210492233247704587103243758392704e0 0.898566660864645469393947530999280372013327098303121133467315941189787372763308282494795795246898037356175081723e-27 0.216277712523919959233507784576303102193854965988922290471073669770248120630379627957215018264408803846703773462e-2 0.296999942314551752756342353255387875611679055535576660207735393766080346646513222596644195987075125400385333192e-27 0.510627339327970116150008898438365922727853239268405180626509494214412461809571185635084179031987638487603087001e-5 0.411959204966920314210339715709024691406538916443379914477511320302854283055634225960042163536414933914789912161e-28 -0.142046967897960002712065914809782999971846826000345771642230775871512888332829120572225019494738822959312828616e-9 0.477004967549865003485395652609863668951619217421398190790048349252549175247007144725952193648236353233997927725e-30 -0.594426307298080838141779552886433447155155300756931848872591553404143956920165319546080582964490426792194879236e-9 -0.137851600008692388207342931451158172358887515886056465184062043303426635532261843777859368376554262811049628781e-30 -0.248950794163285876003109449214413834903438652555626942502510740261674898807546088020607164940651977665088193779e-12 -0.193845419570676057995076513813604605174076836664193520564510090743900936107859946617352818334950355753008865061e-32 0.530362801031714906768065574284845664523597095160765748392306510552947915589834324532870724032133000900155871119e-12 0.673119029856719899154500844390638915445547275082301752074016261807104366559014882357766164012422737423414037237e-33 0.115386051839718227229319426470366962189803014266687766135184320660370465697051932435183298930446166935310200488e-14 0.105502767166409993237860679368304123965413708848480584733519395214812086940735923381760558562970510439225244363e-34 -0.375532289635824443939065530547751099367111614690738768872575625986759057522629161229379122337108395936486084929e-15 -0.329330931638682069557724342637079131117846313436824314023262062391275685189523873163568009798171805198523503126e-35 -0.200458733899307793508374221802045270933854202763220586888964046209598002483028246701128129620369956073219624665e-17 -0.666114011386665776254957213060386065128944220240665330127242504551342316495062518924041083723388719918161171741e-37 0.134528595667445078387814691439653019350211711064463195405143827084168660957160650234373060724499286316680352518e-18 0.145513235635029603198185211754307051914512750342744895343202808493807383568752168395976874926982215583289058307e-37 0.237911992006276250449955101726332196958231808691922059962152127112589028601868754141172703069154444116783757915e-20 0.349156751569720987412600033938812364348795465283407523148618402003106084358716850802200225009474128107376137926e-39 0.140073138075974828253329830787505709921401399216437299770062979808277630466137080280652307253950928700048660474e-21 -0.592431512890858735348018286048715324350541368399771714163886760212913854333836048947918966271033470456434133104e-40 -0.195509562445212455407275592849009226862719304762496886349382539482003451546814293622163636032892136455143894977e-23 -0.188510155926049121602382594040339660959014493437146837548949885650643229854079302811411533151474992148935625630e-41 -0.361109277555622091210166738868427785049921505271007562041935445899710899516468747504588983635611131327890760792e-24 0.176559131150128119340233732918065177747158831229557095416701586441132175681993677752422301904433978150633667717e-42 0.660854793353945695009251246925575248736656122113132433031957972394952974204781827387265508078931650406708635534e-27 0.557303101193014568798574035370492187968343597028369940084888504345720905056879329274946502786945232127431969619e-42 0.434809240000341074523275529460888672035297458866608377993152616993694624997771519508274962960522877382818279465e-27 -0.268012993886574209309894296109036611565119714377697183407449328544897065181982345792872413891650353830739987308e-43 0.119379852417305587212442015343973547281850962808688362638258271894059315629436755414908467996915386508324172614e-29 -0.602632345664674108530544026723837567620260381429704893717625175802404678484371372398723781554282476354823286307e-42 -0.302101709487070613728393263626482595284345396478640970523749899585119668002181099130152177432652952942323254421e-30 0.172617347164567177474729096618435971253513381070729986927947467802005050367636387859469811762706511998132195772e-42 -0.291253758344853275355695294731830928885083787892436496088251027912541658584037117765700269932927769061039751732e-32 0.136749487229232968717930511535358588002651571692014052603141894051591619911235643960357872914087308871714497021e-42 -0.122120420232960465858343349082193031266802512928083471588229526222211320834596558875528113298670199836360493945e0 0.282214781234528842605468798214258152831070730474503483079650495018206647984049841830333557071596646069048352771e-27 0.332885514256921125535949048052749789291279088016083445426450751976393106249525891544032629830125662865212765780e-3 -0.225429194256085938571014890928355098458257798206535961164696116850019045231952062917931405499923051912798182312e-28 -0.220149665268487924998017924601483991056731443400463721675509514517881298141071783544058691288234669151193785788e-6 -0.308891259212928434012063207014066799743572764812670798302759175248252070770626169716269775488928359943911684113e-29 -0.107376038826295786036714370051522270309861886254268523992003646031851755752022366377403697283562129023280687628e-8 0.326163184141007188771040661394142155769692098869690338011872852269115331869933376156150469799201898772147753220e-30 0.204289410407209041388112697807660106248710688601718109463072403875041412969108093032306924085524538425582842390e-9 0.118903839021359794354617254520137307251335527459963081316430455946537571793151261837172523363672717309120258377e-29 0.962970824191431971198583491712620394763327014646387394409575961280842139422424571864000525154230806656841324125e-12 0.653164216959207726306973035296671828758691108399602254387574984114665618778452271304327202660080444967257522663e-30 -0.183559340959944687266505234891258881512466042256985374907115773085732599917711263207303349072128365439640378431e-12 0.712942735587029363573572605131477617203773074784570944842591669369222013903235835375585970362940467759117672222e-30 -0.612185217515651808324890988078188879114623349056780435388763190502375618456418691660715190603010509041352043834e-15 -0.631413344479981666807578087054709009648295426221295178690753420849648432202807531293650119752805554923392070674e-31 0.131763780501433681402303966854636264655746190037044316057195219462898952084564561085730685246535626197006822602e-15 -0.599164195096338536726900012288649164470828978455588753743322548412555429755902253364044195434682414073438570825e-32 0.930681375050569599517127761409967463198092784723969288628228983042044397395385191067135528130876601701535376748e-19 0.154477127588857950312961488881878926758835899674447191324757744158447077278540775361650402510996310469441781348e-33 -0.497734045403243073728713006986733465607937084884908188792255902326861350293080464142948899769179487364167256262e-19 0.138665752417792118783033755135317668956356249644299507213024630880959289510414388415179706203638896782692280128e-34 0.459319989196249761805581337003815401052185162458606874618588598560283673811031165247714599142873356338129038868e-21 -0.593926106880952705276108851085845546372810974125169504153481782349839004281607291407094712737915338050451889629e-36 -0.448891242884218734096155571047244150039928092812941329418813234014017936468795640339456413117703117020031073738e-22 -0.388297285658814370800502221646535047635276529078524683252330819066067038155459995995424194009389781024945546490e-37 -0.852068003435713262222882250868166261817160526805115169879918035471881388073283669188250244591004223956800011940e-24 0.731785166219911701813538853997285708713509010658517994803473073434450909261126649692788372975878732174829420321e-39 0.122493393979296230010403983976720494115620325559433082328030137854534096081442158767947578491572381777710713550e-24 0.402387773642110076466872496207498601448543649172415252297186151988702451543403144013990371486325295510282260923e-40 0.896982372777692109070752180263132706698970152314526525298548676259234994069369791092138315971291882189773147363e-27 -0.243589931205437326234814040405040922925011154231427855291555927981370097574886242652392747072289861524450666785e-41 -0.150493866682336193958992665082532916102091702167419313811318382169512022388874179140526157999977613666119511152e-27 0.871128598088790200838794253048852815069381961255845654551318104498016535181274043925841786352577346325413533833e-42 -0.500056765623620649918746201277762362376430541142591415374279532927495340769618418781827517211156720417361935309e-30 -0.289058098700707430342419187853730331400788468660818317733584644740758070117105291983540767291634368770784651849e-42 0.107659067931191661743075357044351993958302059075269490792513638797035517545489209619219891299764896018689449834e-30 -0.547956518080813565584626744285964883495187896957591688193320880651786176215663999961695148663499099223219564910e-42 -0.256823244882936120485116814565809954722773592102294660149846355942597172825297453190107427433731528862830034199e-33 0.452154571074803897410010480378001895775581016348606369519322886941230868214591064855257812529575445278994660827e-42 0.149836490542821975742781142687350361926666112373203972633696218585327571545327371655522355141677938922069718230e-35 -0.108744336872913659997615851424212492144075317118333550937397213769885297839526168807929044021767175913296705092e-41 -0.393938601646594411886952501843635063417968818453715189970617938644081832766919644740127286297572652653828394293e-6 0.583450188086449984966758710691225828153707435856938870716815744355270470073434419810142114539066642570430014301e-27 0.179893833130484976203435564628071806306318833071015661739101897044373473598896974498604813772622561311223155898e-5 -0.670907112263056830986036762570130606239952776858179474932471386606002977496021699629394360913531141482106612753e-27 0.756279614622254446926277142444076520945907406883239052585195182578129157271279328378279153398099433274106562207e-9 -0.277304849595672976430384848316576805616553491238607697929744870598970390218520174284490924094136094653408890894e-27 -0.166652905320264534624578167522301177252028746863563627296177956499652276998783302470045312076158044754081541746e-8 0.895238741321576907578329791009559671972602286420496288661138557608091778057860659563194781969867392327970623931e-29 -0.113542851318453733784630439296004271878054917415244627835343207924335177870021002730952835342454283721632723553e-11 0.158867081710446009153863736647704401210020300161947238903156762928549467362535663779622175697242954370369093083e-30 0.149494006997915915687745278423935370498044285221148330785805888922196617686174108043597949343114051346812304393e-11 -0.581916077624046448104558031956025604499592535439218015168940327257681278827600535746554818763921393362572232262e-31 0.138304788504942072280130282232063960847123576390168593835717803686689873172812084335041087515805908002830530784e-14 0.342053175392958083041061499648599474248107940832354817112151364331470169812344425136083107841109236251057490241e-32 -0.107073348246376443682555164624150195337781286626485589301344498094114578466375682017103091478181934729617129194e-14 0.344370833529001147511020422488162878500010593060432152860748439774369277779085968179494521162565979749357223858e-33 -0.134414935958934879541180896604651254688642374182274245300049784883278174910830618361367518882056022839322928055e-17 -0.101217492891055631552077831449617885349274081700544333189804619350700834606731220601103208796701573252534026083e-34 0.401769961035812907516735146996294209693730624550715322879085817875458129219595789951242032781972233136672075454e-18 -0.760218679054296837114799648270221500350945187870815240587442295039645833227668824122217260292221026999377294123e-36 0.922760408892746118295403231136906093375351711637671762571324296260326567004177190967854807330794222286606562615e-21 0.368750773388464605120334341392577952766383307670345886518236588653616680778713443955012272778464564306386695165e-37 0.368561011663889515285780273111711059546975895834363751631727577103383138369519545113344285172032160105930446628e-21 0.195270383114851897577564507528997143319948801616595982756113729481042124184594025891260095782039452610229694497e-38 -0.150645683778109011285743031955538025647192452543130862533606991515634423625097737696580229490231226030461590521e-24 -0.530790826171737269648861691737314211424009175405278324128055131545200578100450184878116246179859619189503831355e-40 -0.998042958656144015161808125626977979608841851773141384928293322437056227706994235844631934222711369140701439518e-24 0.115218642574400179052210047838380964510694821353006240617350555338148741085098490947168335779600109475694402481e-41 -0.772434978560995324553627323513660539191054742716717547796837116199424951353672238640784050705626781325576514406e-27 -0.593319001061290939448747823459250412655707199272153441316013852504126135183022105295779257140911464045722976737e-43 0.122243347510626264221575912271195500150715730774281802421961633939343466199874159375214436148441403158185185379e-26 -0.378263190289018636182921428958839451961330633981635369196901436197549002105883872996852401754288737594005550138e-41 0.150203190651301692420467672036002713771652147416264787659561037904371969249827243172925912425207602539745314660e-29 0.586661165825388289944662469668948649227101115378500002249341510056021795955120132618668244313288961134763256641e-42 -0.870477256194352334478702964133345887256989369779671391191585985442913069805352321429592667002179833625621849902e-30 0.210502576930780470678391662272221311192773175928122132441952138842490936489108957009138734922322954159921109250e-41 -0.165596476393071447609460900610290959518973430886279556108055461249308300905045965456303219927169346188473527907e-32 -0.969953625532688538591784022413886268174579849600861292624694531310992571310099119870704773362545872027272889717e-42 -0.191125300880115178948341317460298992305470887256953216984497575815677744583054649584678700693264742621521574852e-34 0.424632716596479943999750748728525229610775914335202928628094327077935340943766539475776886978186579732623119973e-41 0.990621430393956039239479676775241770083511890760535997890443244002392725230437810933929296211877121339347112318e-36 0.116244829785884524835658594091275741243661986485169369583529976377573802579677907827574179125021740346958274637e-41 0.10024966672156048535281267348163206670178075793564639155682688031934302640952182105535800363996892056609503515e1 -0.64371204763290097753809605293785828138367702260090255935513747406962560371267465945252742147440815268334166196e-29
D 0
excl 1 168
drow 1
modes 1
tangent 1
chord 1
vpar 1
gauto 1
mu0 0
ppmax 21
gmask 6 1 1 1 2 2 2 3 3 3 4 4 4
