prec 352
threads 6
mode solve
iters 20
h 0.1000000000e-31
dtol 1.e-10
gtol 1e-25
g 0.20000000000000000000000000000000000000000000000000000000000000000000000000000000e0 0
dims 15 19 100 21
lamL 0 1 -2 0
lamU 0 2 -1 0
th -0.12500000000000000000000000000000000000000000000000000000000000000000000000000000e-1 0 0.31250000000000000000000000000000000000000000000000000000000000000000000000000000e0 0 0.31250000000000000000000000000000000000000000000000000000000000000000000000000000e0 0 -0.61250000000000000000000000000000000000000000000000000000000000000000000000000000e0 0
c0 0 0.3945217123950727891970717004505089133459323893789545059519203360845030963667e-6 0 0.10831469646755393919843030353670158990207619627818965892565523353418141462567e-1 0 -0.10831469646755393919843030353670158990207619627818965892565523353418141462567e-1 0 -0.28084943538327024630120052240917163677697948873209839881342851369371593634860e0
d0 0.1000000000000000000000000000000000000000000000000000000000000000000000000000000000000e1 0 0.1000000000000000000000000000000000000000000000000000000000000000000000000000000000000e1 0 0.1000000000000000000000000000000000000000000000000000000000000000000000000000000000000e1 0 0.1000000000000000000000000000000000000000000000000000000000000000000000000000000000000e1 0
fix 1 3 3 0 0
shift 5 5 5 5
band 5
extra 6 1 6 1 2 6 1 3 6 1 4 6 1 2 7 1 4 7 1
pair 2 1 4 3
n 120
scale 0.63458602294433011544167796489898713674555250343415246501973177444918616525905324e-4 0 0.97827528592497645092497679773002436379964010090820438500444183744524114123681391e-5 0 0.71594939118719315582935027173310104209012340099439845538299914271183122430164316e-9 0 0.10159699064187629765997953622816293610129323786079576651414664868282686575312834e-9 0 0.71681143471844940269535735688511502317462782994041907501933478886803255359671128e-12 0 0.94609089966338008281944644385991196023842768999744013960403056645867272736557922e-13 0 0.70508382668822126253337673059195620921592647864340219721898687837119498879798497e-15 0 0.85789769164311963847988691139182406802355057138103233307709763553714965552281499e-16 0 0.10352296805614170951625952042416458446070268943463688317063302985742678325941823e-16 0 0.54150296927498093140505738452965814399768513180343868138004691127378149617733702e-16 0 0.79947163491326241992294788026701817670450787343695093519120657333955175926588705e-16 0 0.12973846518892154229329443104138764468174189216393732260790355404380730255904264e-15 0 0.13148829118277343696258922643665182930355328428653139334304819062806430855750924e-15 0 0.84776919479924538112109654204330774756025026325442944889826692772439364731342020e-16 0 0.81632716311330602583116525696414056857354037538197224096169984474163552667050779e-18 0 0.62025130312967068226479929039347990066805520268130190339033790989485636903782363e-7 0 0.11104573087202597310039401487790832872541104749069252691669217730863286507025563e-6 0 0.11701141732707125870509044424448016406940840269543392771696680164929340644572955e-9 0 0.10185471653546220074894893872737497463243778882401297804661031028754204612475118e-9 0 0.17537607920245842370994955210082788382462599094237193531758604445075778078495016e-12 0 0.90126885460594618759988314733955570111027207967241152525505144378749215202922997e-13 0 0.21794729022895909796449707461196502940618558447383956740294319087027240767692888e-15 0 0.24538257773971137603514271498656325755721480626038570389549292747459132092704772e-15 0 0.68373425662935424681575858672586715425318246253403326463841121038681509810468062e-15 0 0.37433588029839409332491888098874198585486105925744667517316916455083698626737047e-14 0 0.53971955836945455835848344947357302900631206595639990245918782450340401100754807e-14 0 0.20780238368450629088654417360469193736462604611373561817062528866241466168272077e-13 0 0.13511104194267970213794101665247595590169184093155122503497166299866950744145814e-13 0 0.30639790438663576441397459824864052253618488479126003927109055343495301586436936e-15 0 0.21044378317096443927876582807748355904682724354462795687390373849102601068703633e-17 0 0.14042458245590934588373655487703923179602252034499816872692110931152793754683140e0 0 0.14291414355175331722245066237664477501351141241606307454638425476575172372878205e-1 0 0.85676270516155376923260032595526708025694517720728289407224468022783727076031476e-2 0 0.10527873372760201365077448075026013829244172226669913500587172895518555225026490e-3 0 0.78054268813337309092447409764312423548954957313472618322422241833804629127575366e-6 0 0.12297054699827949829001899404971099237140300510520735125255034604576352509185266e-8 0 0.73077991162269572698442990921919748158470077952046102477761353481204332624366379e-10 0 0.12350769212406245258065020866729256024472064024530267607170489887500468343563164e-11 0 0.65563547602671394477946391872681683114435026214044721278251331184489564331216979e-13 0 0.12171472343817449539454165750397010861416311682680543939276418837208718375724935e-13 0 0.54431799691358527018635923719307337133201352856530402152825230178543338243400400e-13 0 0.72974824276332293719579511586995130229719020613975967292738513181814462047853629e-13 0 0.11500872007800763971501294047683217673734114922107154236075050641003570721471853e-12 0 0.12328178341154353393769563006476434183702019792498345799385311636008612792196575e-12 0 0.32603766729953309946743652470610374321323682908251892629507976940769654967289782e0 0 0.29977744276720335619509444931732037329184914642036295908632914921029018076640896e-2 0 0.33531175855170867485766291353692937866046826542976660648851574332173612375232019e-5 0 0.24000914228358081562139276066040656864287794598626198766443055865046007179251292e-7 0 0.30879691101365413255213376162982214045921084649207007321249474586577815987852241e-8 0 0.19189363303032148638803012956652737734768053082551721091276978579506912502883805e-10 0 0.27466419245275374200121418714585071602995385699005892642768382358518451906264737e-11 0 0.12124395269305474078777957141981949172333285263878003802971681135660480690317536e-13 0 0.89783594240082359556901582990629011781222377730824210397893353412154519346850187e-14 0 0.37035525464955193527758582348837357904412046814831528162532559462673179407748126e-13 0 0.58948368063562167034363045524479394968761818071372950552689996965232505959013258e-13 0 0.38022087665248477031414517801899550559774842643729503202472201179765972010946672e-12 0 0.74327217951752642626630681408286079578392028608230703634392623420218853255573170e-12 0 0.41588225862594317748097009406292878316134160717320022620454316160769579077814968e-12 0 0.59932991205355925030238501946777002751047152509334147353178965754327738961479489e-14 0 0.16084945467053475832407828064612515993638428895146366974223094174921569138361463e3 0 0.24796487878601028890402735992017907631826909244222628511069410428129320122611978e2 0 0.18147274752628494662638746390049301077998029624292281925046244335667626141340078e-2 0 0.25751939003516745360633518759720833915826728580316102600771679152996556108616696e-3 0 0.18169117384059403548156604342584286490474878806742195707418170426251129606283263e-5 0 0.23980774501372855389251779671505170986463671721664523622657721785155660616493001e-6 0 0.17863077452705289407652500587923388233969450215993282011342484191968822658905621e-8 0 0.20806163833216991034063987594869231383590091563561434209495454909106498008737296e-9 0 0.41393118516906096981998904894455414169275415032523458302077450107007743327313108e-9 0 0.98666827413089456354428584072137808525579745936648151360053258865188154000549720e-9 0 0.98627598935505041535166810851308928183637940338080152587496320373163226237872665e-9 0 0.16315140520843756709228399209352896930103321184887828947632304500150150511105817e-8 0 0.67238808722272481606261055855114833467278146059886721323881677095246405091123945e-9 0 0.18602376026841962743973141044388472690646991555803349056118653441351522445492763e-9 0 0.13591674332063687413206668335255957018251315521463364718745574818294775005124122e-11 0 0.12964499466420412902916491663380390535068047027351297800704357291012921470408384e2 0 0.13194344646901561602467771467054426694805262608926059574744343786088267581044754e1 0 0.33450314438545594056016378067632022945889479727230542584245631359526712585756150e2 0 0.79080240916955645839529778406684214042722779771247738075109790556885579173237495e0 0 0.10062646334805139899759198282956975431403161971032644218265454672413437975712033e-1 0 0.72423852236790684845719632689217499498289906588818305341786600098262385494400048e-4 0 0.20102214556732120861821291184929707724509737267693818823715059842832657258220238e-6 0 0.72884932374299107779810219329126426312821935157393760014901256559260339842392038e-8 0 0.16443695728035101319820422401095746868983175387557856339188339174946797405219185e-9 0 0.68805802799788109027231727042432181290208753204116946269743393951570815984892960e-11 0 0.94902865047884892746397042321504332115267263359822564166605421396707703787959887e-11 0 0.30392507466940432592781220739604830802543866490319819246763533572374838883444919e-10 0 0.52237479244520112958532710654243838530603807564938837799031081534366518162195415e-10 0 0.15638939239423102393042172215548906260396163737430171541782632658704400405107527e-10 0 0.63231913100763788494969409237613411246390760176095059249670978491256347859488699e-10 0 0.57263817752535160603566554325862014901045679280411705867828126398891629331266889e-5 0 0.10252138857261075369730692765282390835553336394764383461803166704495726089232530e-4 0 0.10802913257121473410755172614338901742596359457151170106594096073363386046319557e-7 0 0.94035872653869024606212888594948329631240019148481486988576239255295083322459657e-8 0 0.16191935293355464429400568371490635769782089243264283488810360489169672556787302e-10 0 0.83124470860030310252033400469975972317546448167420772210869746647441494934938374e-11 0 0.21300610670394849422501947458701677620321430378291078193946171713726931316029657e-13 0 0.40288295462649075034784449533729013933535200809142463231422289625049072757956156e-13 0 0.10021751262543756061039015659159912762198551189637336258304799038350665633409125e-11 0 0.21804597562647100383653403575161572653694222518787012702497733394625098284819123e-11 0 0.96058989464133970774362583380951452275241676183254876542714018526311155904538140e-12 0 0.28289624358326281071831776391540349286200351605039089117319064133074179338884228e-11 0 0.17600381894448098734684903532192008305757188696774851382355295472564368942784516e-12 0 0.13326868713997924058958500943453641996782295862997361485404322503636396458467071e-14 0 0.15788072332668303958391580017457103227909426888629061388334628824356902881614729e-16 0 0.11608984253594644862069192708769962886389110348806958772326436547527157601037553e1 0 0.10673955685837773662140556562496888032409649939289596160174120126229382381199475e-1 0 0.11939200021776598066695380634530030988550313061603382338337898384656402287308426e-4 0 0.85458298752178715651365851670808136516556991856674812972975374597117455658807548e-7 0 0.10995102417359875319894997965326689344061580420215130236924692059139218545841128e-7 0 0.68331529293371500388431130615927339502486395841505122048073285905196454103532253e-10 0 0.97746186522814344657851425764249855574062662548763938435248993712141965130148223e-11 0 0.89570838086312842789087058239576666046039767332180890620450940382642639451494963e-13 0 0.52458753807623083212865960929343125086218466321514262453268728296706454746505819e-12 0 0.12414068621542314773610422289156014116611448810380016917038597238751330625572243e-11 0 0.18775170455533468018703589245680668781917415785504561899024039095482357716115064e-11 0 0.12847709950337513813110533382477328063209444484796174324598282741698063543488834e-11 0 0.20033965337716246820431569881494144834568316151246086146288779671905301467633081e-11 0 0.40965706894201014054582813480805807553716333575328877534675023185052914409005337e-13 0 0.41933648982348093436428801670632459836874708455138783821836731577762276477849059e-15 0 0.10000000000000000000000000000000000000000000000000000000000000000000000000000000e1 0
z -0.6552206366870802921944327408355628474806150427410729458e-29 0.63458602294432996798299053684498407866137685222364560515046352281529095744733296e-4 0.2797441773602784355485257568177750287078260338779143919318e-26 0.97827528592489613971440830048447284593034058026191793451604216403352966677758029e-5 0.15601927658152888444956133505919046289735084364442046408524199e-26 0.71594939107793964831190002967425129490440948547825188411863746029944438837393310e-9 0.72455800284844342547885735289660802825418828113745596322551428e-28 0.10159699088680749939326413704296150282028192387084441446981297970518850128927356e-9 -0.250848935430176010929823825368473868027084478967652414555602188e-28 -0.71681104904420491874779418480069574545197293797652063890328351794674617330815656e-12 -0.115587719114105112698174683327247810154034550026672678166026826e-29 -0.94609397970527587748384510551844144566174955937761604780011838495871253124433884e-13 0.2293621341923522493882887946374441639372578975347964812655997961e-30 0.70448635693678073784211528395655803683405145676632661687906753792817800036704865e-15 0.1113967827411041148487455401545124869410155164782601803773252834e-31 0.85490552707530945281359440420511842022326947230832080897338922774954476475762304e-16 -0.15335224586135191078630536685414150468975496138736242986688136643e-32 -0.57940949001604599952523378194684046181927074855884178285890419820389438176034913e-18 -0.78732243703305270871332516870695494763486631640741075060271803489e-34 -0.62048920063834931454936684819285670487687406489665107726188811318831321974160931e-19 0.832615355387631634857378509174406893905237788211858594081136625035e-35 0.32358825526141188421088568490350709175220468112015253820614057895016609108013378e-21 0.374747960556083213782101521243462143394086400136146360510908995796e-36 0.24519009509061680256671806007652332898547658600299287190083305124727148307922534e-22 -0.41688670359647751336324371137709590627688782449164506800789231598004e-37 0.21838730170315248748786944089423526669296707463759061075192196134596204527467407e-25 0.74017922458465724878284138408606959298560722958958381250097965280336e-37 0.19206877864590500380133846177718757329660541957434519814823319966364126233418632e-25 0.140927699705411677477210022072032999626982893577938086610634574633933e-37 -0.36097454939857287662288928256303732648700525613027448192194712380043571899712539e-27 0.539533783165008442227226640563570736524953074849220826391854098e-24 -0.62025130338821978845866159886965780245379756228640602381324111162117346258182312e-7 -0.5708644553261526317349347158155369818434290763934988688253334e-25 0.11104573084980041277470225593748646404440470782024873782435891267904135652888495e-6 -0.18676588836259070917173448826534766221757614959459805336453743636e-24 0.11701142369989966440040664957726058481289200644379662042625746004016392656647590e-9 0.3244621184445228012881638892342178326059748229454842418263634871e-25 -0.10185465982909228789225100536193127798127778703922323811734951328335295936372712e-9 0.7970761279786358036827434656244332030535282227390723829462932620384e-25 -0.17538387884073066239955314975661983757100151031116876110196915956068179593279838e-12 0.474358931420084486298171896032422649385669107113337878463933031031e-26 0.90027736181210825687841414306060178769636263732146633008758317883535677701985396e-13 -0.27037415900465934374955995335974868372439514823057947615729157641410e-27 0.21364122229101697746994910464823392015829178513147102468516037117148345721042259e-15 -0.4496314113604125585241266101050232602183934798429738687066829750899e-29 -0.62553931875795063390291350123401614724979718242187198408809876832327548676579378e-16 0.52389714801938176793514643891043736987375374398186596044565216743966e-30 -0.20764560628934891793808394742316976228885099862513355169568618289531554941415201e-18 -0.3265550538180567427566343032522531310712000519578856333158778189920e-32 0.20378385489070136087023130401930331292911229773478722777048970634776979147657581e-19 -0.72171071317458273366658271908130747986686885428947464825203597967343e-33 0.14247480971483762062466305097753076838747239761110769941436507373916042392044823e-21 0.23373818398106180800306138050906615189055575027603288918937878685303e-34 0.27097743310045553540917417576689217470225137328251331843721336883462643413327393e-22 0.1515019324777838231179942312055095106643779104543383512328945230919474e-34 -0.23020835541673790318038802233783603581222594935582731945935390955817254225933067e-25 -0.36082954415210063415874144935500183478587748283124437086464988438658e-36 -0.64525249155189926848700235133737619230561801600161574879913678492993906989932662e-25 -0.502463676711991390251878506248174684965218560809523559404710499043819321e-35 -0.11978947872490210920790659690503967978435193673289721973903020937998657932988674e-27 0.77318048454418341741168608941594748787109793041301933534e-24 0.14042458245590926443618440061264145358140513549398860593065185244809966226211749e0 -0.4444044785629674620850404289969758579688978489056978345327e-23 -0.14291414355174944491509533160754562755158916855069644709917968418330321710713610e-1 -0.572860767355740931182264613223834318552620418491073576204e-24 -0.85676270516150062466573806243262089579865012075719689483358030760394603241432356e-2 -0.140424858165967558368554668402844784531424411782989087979081e-23 -0.10527873372765801303209850102848564350728058771244789876705840773464070747446744e-3 -0.413388576388852209187547987956338096938110032938108275164050e-25 -0.78054268837589337159192360139231885997170844811569499978153627456911334054551882e-6 0.211520993416035485420932576180640269300250399031643945322331822e-25 -0.12297054356121916919664030376358992823430297130667758553757328745430166091470857e-8 0.819197632241365202509750155782748092236524105925430413571391416e-27 0.73078290442427416896834115405387188966300947227730013349836076306659941910917994e-10 -0.1838822041609019925522648073341925665884703532594401993118806962e-27 0.12352431240302588928843428228846268062877222544233152627158748488471351930592140e-11 -0.8428613090073045749720879213739691088985488308787230122258936398e-29 -0.64745973995476286006873563367679271220250962185412847250618400616478142123086913e-13 0.11587869441325396818744535009790951359253153968774433013239388991e-29 -0.12043382833160072325904181998379737810030886046591705434993362058350541912988885e-14 0.60490874942759604249056445960419140878734041821911566006508842358e-31 0.44559476892174561835537956489461311579400818064504590381987333371404447083913005e-16 -0.59188696740051131291626197484231845998215563843881331978469641653e-32 0.97472572402183657046335302212323004060819229272486836648951314970623669113839059e-18 -0.168869593242140303866386076095033094521490657481851622307354347344e-33 -0.13939507941607813858964670686057283165151731742645908772338533793085792588208881e-19 0.189618824538128716771668345608375348465823132026599903158467141989e-34 -0.52258369346911713211751448027055977364888115147090487657588459797292049394337173e-21 -0.22055073008760265374024304380349397229451007946569955785e-23 0.32603766729953292096472709197322352148127007203212162630865810339676937002781690e0 0.14449626003543780262226750532203425782096890537584227275298e-22 -0.29977744276728830325910070614306064004141411568627220589864872178468161628506928e-2 0.67210795663316223629330505719305289157491576685453173812607764e-23 0.33531175852267653598544986993844743830624702211181769221393048626639800238007675e-5 -0.9853862520106298589616057898625919066070129799027643651034249173e-23 -0.24000915158506959044586678512859203433100867979425899794817768727861150621012696e-7 0.8011474601406727674512903982245977771352953105407359776384896961e-24 -0.30879680627705206772321860752679893057822167517827995557026456219430297070919086e-8 -0.45915443211848469140671364621006436015728386266399062559994750531e-25 0.19191105264592117232330899414600430422591788809904407907049932826078372464272401e-10 -0.61995027379849835517040609040626169645913175346175549544959729218e-26 0.27448365388683760227184194733627703562655946570105910428100475355988997088689574e-11 0.124896919300148946111072661191380131629163353995286395245917456208e-27 -0.14354687764947867771064341710985128600297939209592845272045574641068459982889132e-13 0.92946072336631285516471066537219353061362824116392936141018295352e-29 -0.19271294278840594417890605540097920047099328768555975126543598729795215250773995e-14 -0.461121735624970006789874175862026787443620487627666616374853226031e-30 0.68501727377284367460777521497196768152881745834372069616972986588322266125339703e-17 -0.25985149624372406978007914734292606710009046833239354518494853042e-32 0.65796232622766681708697211076861729381511456045478742533824695024795265925459911e-18 0.1370554611464570953825399070812274648127811998869148580156581479818e-32 0.24075191686211512403794861411587779548231691381799434847183445049306938866342307e-20 -0.3831221034176959926244316956362206231222407254152548952977739923553e-33 0.78331760100020892493134725905038169209694635379738743948150018152266922101631693e-21 0.417649604087944019992510929241859254589371654105502110737813081998606e-33 -0.10836788080157575515610719876293140420785920043187158387973115739093844723914482e-22 0.120483895267386972709027915064032339205606924810443044246345572537509e-33 -0.19342773602585887157895886637063579060040413188020704454822620159244063577768502e-23 -0.16084945467053472104162153127022202292405282337843379699080349127170665966587312e3 -0.1660797192762824026711448513493488348722233267615352835e-22 0.24796487878600059833093053472912902013614952860329668879083656519768898132646647e2 0.6416047677703584735058360019022949705708911687382333221542e-20 -0.18147274752802203261714371748853968597381459802722089317564331057740980352929389e-2 -0.38174579168063277930045307090364459480718239892559627390960293e-20 0.25751939042855161171917183075700769032961521090733342662996585728510098714488069e-3 0.1147658421058154827187915998166863570765789677422883136600790e-21 0.18169115324288986360591633530154745312161341633930355334722100806049778513076336e-5 0.666478788631267174164382589778402903259628336492509101905339627e-22 -0.23980783566047700082410849800762613146840660560935720922479055497103542404686492e-6 -0.197881346274078001966909130259326444566487117516017668776710843e-23 -0.17856719536675596200506834218874866813581366919362480562876542346586117795353773e-8 -0.6230160421031746334339064437941028402482726149048008370885305597e-24 0.21669416415267146591258117439961952783658538053802468262505533533132357363580183e-9 0.1996138051982051640554168206079720319529725832099903239770278560e-25 0.14686377753420752031715178870095474264165008563521985532066657315540534735888926e-11 0.42661014358390363690687141648126993781098668774298945203073799747e-26 -0.15727631234069908674301319424009759797839079018298654819052498761100360936644493e-12 -0.14525869074289965830686272964393157913451784427573006702799285331e-27 -0.82020392058262654149999817443910995093090601298855653254588372993895452902825279e-15 -0.237438571282925695479834822872100939241441944541354425314675487484e-28 0.62148694834084071387720945239381153485184934957789590974086540459121757694999886e-16 0.641698209686040489388505220982903217545120313831664773379701905101e-30 -0.55354951284857355164368926135523352126691793813560939330982427499962614168929418e-19 0.12844525547913085181746270125813213498587112533950251200592512298975e-30 0.48683956449336023615188380524611395238825228765114830649016667301271725619394459e-19 0.19633931025440728027807530820962777009867361899768983878684214437379e-30 0.91496751159408881874386772491824920291947995590647612509908384865910748672232111e-21 -0.378917050410515381371117518146189236871179894651439758353087332899810e-31 0.12964499466420418602301491325162988386164465566038890205997386363032405139917674e2 0.90209845646786002193252469080064295003677155020061106049e-22 0.13194344646902084592014005415449016074292490185296853853594795869044816684484352e1 0.6246295031569332424968930060065861104171943617349266898323e-21 -0.33450314438545531901268511714673966507648819955271276049941635274562925817512525e2 -0.1925178924443452885881814630918297576635049570750330412e-22 0.79080240916964792365875741535741915915896014075718952634547153081684141813187639e0 0.10757270740198700977652577735461736160789421571425250527097e-20 -0.10062646334820432817531625874271958381916456953536440131314900918131422017646771e-1 -0.969701258719859993525280592384194551149909741389552779186726e-22 0.72423852244883849379687819178441454962529394911697212536655891638695553149256363e-4 0.2154786327587620596453680877406317151327845030707382746295517e-22 0.20102211737760538514873343220761062028454950319832313001883663498356328738489788e-6 0.93781214437042667347046915909759102213345859790236127159543816e-24 -0.72884787486565391043501283762301305776650697681112045761410727775142410707240429e-8 -0.333913159833929928819870121378548832919589574335238507437499973e-24 -0.16398633032716894322838860151122541755397590476455207789413049505946858248833633e-9 -0.713583635338361600449280687489065985443927572842680181737865818e-26 0.66373578473417457052441504699297261516164981855989126525819067357008076181072186e-11 0.3249076332592449205685858874157738314685890259939817611575508402e-26 0.81993527772325005521310337944574963084167880134805185603747127680118783484302172e-13 0.4179870181395893491529173829268326542858291480195649279811868872e-28 -0.47551522917997202089973831856275764421541945397049526663078684041972437859212696e-14 -0.23458718313074686354055824891571112429896635655832595362251048940e-28 0.27056561225830753423183485579326105176687348489738056835271486895050399165297584e-16 -0.216550841255055684122073247992642020409732255530927685541756699509e-30 0.17269434099139691612253788470353082332267911940295360390279817163651023359750836e-17 0.801889916461497833483366049280921914223576626237340899839768386975e-31 -0.13193147138570056736080455022953343249193908089880425719154291644111835051707927e-18 0.82505267074025107501289893325015422544790966900258797783522764028e-33 0.57263817710463539807412032800523209305065865147553093510137340083654577322853783e-5 -0.30984628466130622859683394186567975416729673152795494068095547e-22 0.10252138857543174217999636620148367288312897702161431211430197963057362238464457e-4 -0.72946920401299050768059551590317782642907458329864978662347351e-23 -0.10802912948655263770109764328659348581068176390091938847379244850236540091859284e-7 0.15923910795138727329474874910265115813342812045579244245911094798e-22 -0.94035863230807040572292165739391613827068793899325040173119533557488314077812643e-8 -0.80520111532495583412038933082097496199692266914416680389942165514e-23 0.16192066687185160538440611979545440308525780813049929939157911706329982568866809e-10 0.415746396330839362176471569258909011076990860632226153701346219672e-24 0.83116824509750972416542750408200710275236393628626926482419779873482747082356130e-11 -0.249150461580009613465147292934596290507020408099099781203221376944e-24 -0.19724121403472749753240297427444112230885477818030907302028431796001040811002504e-13 -0.3264885661122650307327854767462935087213105814206607083191201865970e-26 -0.57752026193897403681267404958097346601738803542344835476143253810863873124025924e-14 0.309490899686614417137084142157182450530374646657417240360989766367e-27 0.19170584700040970356070661600844310761234311618020605819721866573285497032223993e-16 0.1154695255723966075883812428824933329718137087453228368837711486568e-28 0.18814054005267675909870763545764895296288876411658206920855661392630006150991938e-17 -0.2343094744088712534822206655952973721307692810596770102064257061671e-30 -0.13153783776488010979562530429927951779163637982773364331782439855781855202876928e-19 -0.24281434888927291864153792227849997080324082091353807008685422083459e-31 0.25017605360868601998521162846627058142794431455937346087670092233202660525083234e-20 -0.15436548774575232739581087843502342438785423487893487030551050376e-34 0.21253658362340430411289840079785014265545698562559010114103641906256115158197633e-23 -0.1241002736987954048407419394360834404120871408994849942528732597732845e-32 -0.59572016780320776460861502977089901858061247665787996315618747457121836948455820e-23 0.60567404571442139264219338461175253256371966912835227086514057214535e-35 0.11059392919525793895740950162350294340530292451487251935621781340285147978287149e-25 0.459231400840861477212089165518793032948879161510380684642003123795203587e-33 0.11608984253594638548819923020398125779328758708517040814350231324497342661778653e1 0.78529882504797845187045834557167229535849196384672454626e-23 0.10673955685835271158262060297032976501226733203676503409300814399797365251919353e-1 -0.35886958569537191530817428863225539713342524225337186618204e-22 0.11939200022427765312975367090457267062641261497497016079707457390386828140339739e-4 0.2926855842094986419685044090690494978763484462807120183995377e-23 0.85458299482615374782784579409905824390554182061719028801084178468715597359367533e-7 -0.132642575486410733632560406205647705110799324723983782021111473e-23 -0.10995101551678118312348790201151221346502419284901535598895487888892103169989266e-7 -0.7153568101969739856071141756870111469933405522653385176101877997e-23 -0.68332361923399586167211831734098584591631297290301340101965986132260106259921852e-10 0.785066453069739750427531917563027053226922454115404467238467982802e-24 0.97733382839903013599065620033861124747637392596071667963065698184791670681778926e-11 0.7082852098190906317912133191631541295675743485597655535503458032e-27 0.51111684612639832426969948743830550682702617312524415931093956645628365305533180e-13 -0.620066348391640552246865585667925861757165235150565171925508758340e-27 -0.68617885069063700456526989885566440902293230744150297640141945039355628819906273e-14 -0.20128497558379226377022077579678161691683259197541157337105906137e-28 -0.24390907990894420369007505876392753307344597308937281204163154601531895746846174e-16 0.585857645925721407062628338032665142068769714240841351119066475606e-30 0.23427582303299918103816180063499595424337193425783827130309587406646208496997321e-17 0.101804977646435637774055070488581986011633722834943985894591357118e-30 -0.85722770470820867475154717088389469089581954279441237419424998220626259095013396e-20 -0.1680262528137887967482844002415188437479273529989925565608873724924e-32 0.27891015694274062696998129067282116725300867378544133001580939231940000694491388e-20 -0.1644942546183230943202031005971549892294520793222349241238733167713e-32 0.38585757045732239057846366100170195747969693676766632269373717878784271271648472e-22 -0.147250722521612363483383850684591736562263781641659762569808849302953e-32 -0.68872396260001298500855080072342426639093532442807394173141572119607893316090982e-23 0.464562792779240000056636191051299884200676175617882426351698211598344e-33 0.20070912190526593173976015330284083173166822242386011759326276537313130064397869e1 0.3609374002120962930856664761528643983171493593400623135e-24
D 16 74 30 59 0 44 104 76 60 31 77 75 32 1 105 78 33
excl 1 119
tangent 1
chord 1
mu0 1.e-15
gmask 6 1 1 1 2 2 2 3 3 3 4 4 4
