prec 374
threads 8
mode solve
iters 10
h 0.1000000000e-43
dtol 1.e-22
gtol 1.e-22
g 0.20200000000000000000000000000000000000000000000000000000000000000000000000000000000000000000000000000000000000e0 0
dims 21 25 300 27
lamL 1.5 0.5 -0.5 -1.5
lamU 1.5 0.5 -0.5 -1.5
th 0.11250000000000000000000000000000000000000000000000000000000000000000000000000000000000000000000000000000000000e0 0 -0.23750000000000000000000000000000000000000000000000000000000000000000000000000000000000000000000000000000000000e0 0 0.13750000000000000000000000000000000000000000000000000000000000000000000000000000000000000000000000000000000000e0 0 -0.12500000000000000000000000000000000000000000000000000000000000000000000000000000000000000000000000000000000000e-1 0
c0 0 -0.14699037787330031137654349940592457848925119835509992330017127072532768757930230784585568989278419261955869961e0 0 -0.10813617974470389735146472305628974441145581633309382622228007050197235853507561333878375910434449307866301401e0 0 0.25512074928594380471811102227048389253954740870165307994645175879674255773225965367967266061925328864070119562e0 0 0.58083320604040098972001917304303611596059865406695759995824305574883821182675049667883778753970575205180124419e-5
d0 0.1000000000000000000000000000000000000000000000000000000000000000000000000000000000000000000000000000000000000000000e1 0 0.1000000000000000000000000000000000000000000000000000000000000000000000000000000000000000000000000000000000000000000e1 0 0.1000000000000000000000000000000000000000000000000000000000000000000000000000000000000000000000000000000000000000000e1 0 0.1000000000000000000000000000000000000000000000000000000000000000000000000000000000000000000000000000000000000000000e1 0
fix 0
shift 4 4 4 4
band 4
extra 6 1 5 1 2 5 1 3 5 1 4 5 1 2 6 1 4 6 1
pair 2 1 4 3
n 169
scale 0.40804000000000000000000000000000000000000000000000000000000000000000000000000000000000000000000000000000000000e-1 0 0.16649664160000000000000000000000000000000000000000000000000000000000000000000000000000000000000000000000000000e-2 0 0.67937289638464000000000000000000000000000000000000000000000000000000000000000000000000000000000000000000000000e-4 0 0.27721131664078850560000000000000000000000000000000000000000000000000000000000000000000000000000000000000000000e-5 0 0.11311330564210734182502400000000000000000000000000000000000000000000000000000000000000000000000000000000000000e-6 0 0.46154753234205479758282792960000000000000000000000000000000000000000000000000000000000000000000000000000000000e-8 0 0.18832985509685203960569710839398400000000000000000000000000000000000000000000000000000000000000000000000000000e-9 0 0.76846114073719506240708648109081231360000000000000000000000000000000000000000000000000000000000000000000000000e-11 0 0.31356288386640507326458756774429505644134400000000000000000000000000000000000000000000000000000000000000000000e-12 0 0.12794619913284792609488231114238215483032600576000000000000000000000000000000000000000000000000000000000000000e-13 0 0.52207167094167267763755778238537614456966223390310400000000000000000000000000000000000000000000000000000000000e-15 0 0.21302612461104011938322907752452888203020497792182255616000000000000000000000000000000000000000000000000000000e-16 0 0.86923179886288810313132792793108765023604839191220475815526400000000000000000000000000000000000000000000000000e-18 0 0.35468134320801286160170704771300100480231718583585602951767392256000000000000000000000000000000000000000000000e-19 0 0.14472417528259756804796054374881292999953750450846269428439166736138240000000000000000000000000000000000000000e-20 0 0.59053252482311111666289820271265627957011283339633117775803175950138474496000000000000000000000000000000000000e-22 0 0.24096089142882226004312898263487226831578884053903897377238727914694503133347840000000000000000000000000000000e-23 0 0.98321682138616634987998350074333280363574478493549462858084905383119450585312526336000000000000000000000000000e-25 0 0.40119179179841131740502846764330951719552930204507922824612964792528060616830923246141440000000000000000000000e-26 0 0.16370229872542375395394781593717601539646377640647412829355074153943149854091689921355553177600000000000000000e-27 0 0.66797085971921908563368866815005301322373079324897703308900444577749628664635731555099199185879040000000000000e-29 0 0.10000000000000000000000000000000000000000000000000000000000000000000000000000000000000000000000000000000000000e1 0 0.40804000000000000000000000000000000000000000000000000000000000000000000000000000000000000000000000000000000000e-1 0 0.16649664160000000000000000000000000000000000000000000000000000000000000000000000000000000000000000000000000000e-2 0 0.67937289638464000000000000000000000000000000000000000000000000000000000000000000000000000000000000000000000000e-4 0 0.27721131664078850560000000000000000000000000000000000000000000000000000000000000000000000000000000000000000000e-5 0 0.11311330564210734182502400000000000000000000000000000000000000000000000000000000000000000000000000000000000000e-6 0 0.46154753234205479758282792960000000000000000000000000000000000000000000000000000000000000000000000000000000000e-8 0 0.18832985509685203960569710839398400000000000000000000000000000000000000000000000000000000000000000000000000000e-9 0 0.76846114073719506240708648109081231360000000000000000000000000000000000000000000000000000000000000000000000000e-11 0 0.31356288386640507326458756774429505644134400000000000000000000000000000000000000000000000000000000000000000000e-12 0 0.12794619913284792609488231114238215483032600576000000000000000000000000000000000000000000000000000000000000000e-13 0 0.52207167094167267763755778238537614456966223390310400000000000000000000000000000000000000000000000000000000000e-15 0 0.21302612461104011938322907752452888203020497792182255616000000000000000000000000000000000000000000000000000000e-16 0 0.86923179886288810313132792793108765023604839191220475815526400000000000000000000000000000000000000000000000000e-18 0 0.35468134320801286160170704771300100480231718583585602951767392256000000000000000000000000000000000000000000000e-19 0 0.14472417528259756804796054374881292999953750450846269428439166736138240000000000000000000000000000000000000000e-20 0 0.59053252482311111666289820271265627957011283339633117775803175950138474496000000000000000000000000000000000000e-22 0 0.24096089142882226004312898263487226831578884053903897377238727914694503133347840000000000000000000000000000000e-23 0 0.98321682138616634987998350074333280363574478493549462858084905383119450585312526336000000000000000000000000000e-25 0 0.40119179179841131740502846764330951719552930204507922824612964792528060616830923246141440000000000000000000000e-26 0 0.16370229872542375395394781593717601539646377640647412829355074153943149854091689921355553177600000000000000000e-27 0 0.10000000000000000000000000000000000000000000000000000000000000000000000000000000000000000000000000000000000000e1 0 0.10000000000000000000000000000000000000000000000000000000000000000000000000000000000000000000000000000000000000e1 0 0.40804000000000000000000000000000000000000000000000000000000000000000000000000000000000000000000000000000000000e-1 0 0.16649664160000000000000000000000000000000000000000000000000000000000000000000000000000000000000000000000000000e-2 0 0.67937289638464000000000000000000000000000000000000000000000000000000000000000000000000000000000000000000000000e-4 0 0.27721131664078850560000000000000000000000000000000000000000000000000000000000000000000000000000000000000000000e-5 0 0.11311330564210734182502400000000000000000000000000000000000000000000000000000000000000000000000000000000000000e-6 0 0.46154753234205479758282792960000000000000000000000000000000000000000000000000000000000000000000000000000000000e-8 0 0.18832985509685203960569710839398400000000000000000000000000000000000000000000000000000000000000000000000000000e-9 0 0.76846114073719506240708648109081231360000000000000000000000000000000000000000000000000000000000000000000000000e-11 0 0.31356288386640507326458756774429505644134400000000000000000000000000000000000000000000000000000000000000000000e-12 0 0.12794619913284792609488231114238215483032600576000000000000000000000000000000000000000000000000000000000000000e-13 0 0.52207167094167267763755778238537614456966223390310400000000000000000000000000000000000000000000000000000000000e-15 0 0.21302612461104011938322907752452888203020497792182255616000000000000000000000000000000000000000000000000000000e-16 0 0.86923179886288810313132792793108765023604839191220475815526400000000000000000000000000000000000000000000000000e-18 0 0.35468134320801286160170704771300100480231718583585602951767392256000000000000000000000000000000000000000000000e-19 0 0.14472417528259756804796054374881292999953750450846269428439166736138240000000000000000000000000000000000000000e-20 0 0.59053252482311111666289820271265627957011283339633117775803175950138474496000000000000000000000000000000000000e-22 0 0.24096089142882226004312898263487226831578884053903897377238727914694503133347840000000000000000000000000000000e-23 0 0.98321682138616634987998350074333280363574478493549462858084905383119450585312526336000000000000000000000000000e-25 0 0.40119179179841131740502846764330951719552930204507922824612964792528060616830923246141440000000000000000000000e-26 0 0.10000000000000000000000000000000000000000000000000000000000000000000000000000000000000000000000000000000000000e1 0 0.10000000000000000000000000000000000000000000000000000000000000000000000000000000000000000000000000000000000000e1 0 0.10000000000000000000000000000000000000000000000000000000000000000000000000000000000000000000000000000000000000e1 0 0.40804000000000000000000000000000000000000000000000000000000000000000000000000000000000000000000000000000000000e-1 0 0.16649664160000000000000000000000000000000000000000000000000000000000000000000000000000000000000000000000000000e-2 0 0.67937289638464000000000000000000000000000000000000000000000000000000000000000000000000000000000000000000000000e-4 0 0.27721131664078850560000000000000000000000000000000000000000000000000000000000000000000000000000000000000000000e-5 0 0.11311330564210734182502400000000000000000000000000000000000000000000000000000000000000000000000000000000000000e-6 0 0.46154753234205479758282792960000000000000000000000000000000000000000000000000000000000000000000000000000000000e-8 0 0.18832985509685203960569710839398400000000000000000000000000000000000000000000000000000000000000000000000000000e-9 0 0.76846114073719506240708648109081231360000000000000000000000000000000000000000000000000000000000000000000000000e-11 0 0.31356288386640507326458756774429505644134400000000000000000000000000000000000000000000000000000000000000000000e-12 0 0.12794619913284792609488231114238215483032600576000000000000000000000000000000000000000000000000000000000000000e-13 0 0.52207167094167267763755778238537614456966223390310400000000000000000000000000000000000000000000000000000000000e-15 0 0.21302612461104011938322907752452888203020497792182255616000000000000000000000000000000000000000000000000000000e-16 0 0.86923179886288810313132792793108765023604839191220475815526400000000000000000000000000000000000000000000000000e-18 0 0.35468134320801286160170704771300100480231718583585602951767392256000000000000000000000000000000000000000000000e-19 0 0.14472417528259756804796054374881292999953750450846269428439166736138240000000000000000000000000000000000000000e-20 0 0.59053252482311111666289820271265627957011283339633117775803175950138474496000000000000000000000000000000000000e-22 0 0.24096089142882226004312898263487226831578884053903897377238727914694503133347840000000000000000000000000000000e-23 0 0.98321682138616634987998350074333280363574478493549462858084905383119450585312526336000000000000000000000000000e-25 0 0.10000000000000000000000000000000000000000000000000000000000000000000000000000000000000000000000000000000000000e1 0 0.10000000000000000000000000000000000000000000000000000000000000000000000000000000000000000000000000000000000000e1 0 0.10000000000000000000000000000000000000000000000000000000000000000000000000000000000000000000000000000000000000e1 0 0.40804000000000000000000000000000000000000000000000000000000000000000000000000000000000000000000000000000000000e-1 0 0.16649664160000000000000000000000000000000000000000000000000000000000000000000000000000000000000000000000000000e-2 0 0.67937289638464000000000000000000000000000000000000000000000000000000000000000000000000000000000000000000000000e-4 0 0.27721131664078850560000000000000000000000000000000000000000000000000000000000000000000000000000000000000000000e-5 0 0.11311330564210734182502400000000000000000000000000000000000000000000000000000000000000000000000000000000000000e-6 0 0.46154753234205479758282792960000000000000000000000000000000000000000000000000000000000000000000000000000000000e-8 0 0.18832985509685203960569710839398400000000000000000000000000000000000000000000000000000000000000000000000000000e-9 0 0.76846114073719506240708648109081231360000000000000000000000000000000000000000000000000000000000000000000000000e-11 0 0.31356288386640507326458756774429505644134400000000000000000000000000000000000000000000000000000000000000000000e-12 0 0.12794619913284792609488231114238215483032600576000000000000000000000000000000000000000000000000000000000000000e-13 0 0.52207167094167267763755778238537614456966223390310400000000000000000000000000000000000000000000000000000000000e-15 0 0.21302612461104011938322907752452888203020497792182255616000000000000000000000000000000000000000000000000000000e-16 0 0.86923179886288810313132792793108765023604839191220475815526400000000000000000000000000000000000000000000000000e-18 0 0.35468134320801286160170704771300100480231718583585602951767392256000000000000000000000000000000000000000000000e-19 0 0.14472417528259756804796054374881292999953750450846269428439166736138240000000000000000000000000000000000000000e-20 0 0.59053252482311111666289820271265627957011283339633117775803175950138474496000000000000000000000000000000000000e-22 0 0.24096089142882226004312898263487226831578884053903897377238727914694503133347840000000000000000000000000000000e-23 0 0.98321682138616634987998350074333280363574478493549462858084905383119450585312526336000000000000000000000000000e-25 0 0.10000000000000000000000000000000000000000000000000000000000000000000000000000000000000000000000000000000000000e1 0 0.10000000000000000000000000000000000000000000000000000000000000000000000000000000000000000000000000000000000000e1 0 0.40804000000000000000000000000000000000000000000000000000000000000000000000000000000000000000000000000000000000e-1 0 0.16649664160000000000000000000000000000000000000000000000000000000000000000000000000000000000000000000000000000e-2 0 0.67937289638464000000000000000000000000000000000000000000000000000000000000000000000000000000000000000000000000e-4 0 0.27721131664078850560000000000000000000000000000000000000000000000000000000000000000000000000000000000000000000e-5 0 0.11311330564210734182502400000000000000000000000000000000000000000000000000000000000000000000000000000000000000e-6 0 0.46154753234205479758282792960000000000000000000000000000000000000000000000000000000000000000000000000000000000e-8 0 0.18832985509685203960569710839398400000000000000000000000000000000000000000000000000000000000000000000000000000e-9 0 0.76846114073719506240708648109081231360000000000000000000000000000000000000000000000000000000000000000000000000e-11 0 0.31356288386640507326458756774429505644134400000000000000000000000000000000000000000000000000000000000000000000e-12 0 0.12794619913284792609488231114238215483032600576000000000000000000000000000000000000000000000000000000000000000e-13 0 0.52207167094167267763755778238537614456966223390310400000000000000000000000000000000000000000000000000000000000e-15 0 0.21302612461104011938322907752452888203020497792182255616000000000000000000000000000000000000000000000000000000e-16 0 0.86923179886288810313132792793108765023604839191220475815526400000000000000000000000000000000000000000000000000e-18 0 0.35468134320801286160170704771300100480231718583585602951767392256000000000000000000000000000000000000000000000e-19 0 0.14472417528259756804796054374881292999953750450846269428439166736138240000000000000000000000000000000000000000e-20 0 0.59053252482311111666289820271265627957011283339633117775803175950138474496000000000000000000000000000000000000e-22 0 0.24096089142882226004312898263487226831578884053903897377238727914694503133347840000000000000000000000000000000e-23 0 0.98321682138616634987998350074333280363574478493549462858084905383119450585312526336000000000000000000000000000e-25 0 0.40119179179841131740502846764330951719552930204507922824612964792528060616830923246141440000000000000000000000e-26 0 0.10000000000000000000000000000000000000000000000000000000000000000000000000000000000000000000000000000000000000e1 0 0.40804000000000000000000000000000000000000000000000000000000000000000000000000000000000000000000000000000000000e-1 0 0.16649664160000000000000000000000000000000000000000000000000000000000000000000000000000000000000000000000000000e-2 0 0.67937289638464000000000000000000000000000000000000000000000000000000000000000000000000000000000000000000000000e-4 0 0.27721131664078850560000000000000000000000000000000000000000000000000000000000000000000000000000000000000000000e-5 0 0.11311330564210734182502400000000000000000000000000000000000000000000000000000000000000000000000000000000000000e-6 0 0.46154753234205479758282792960000000000000000000000000000000000000000000000000000000000000000000000000000000000e-8 0 0.18832985509685203960569710839398400000000000000000000000000000000000000000000000000000000000000000000000000000e-9 0 0.76846114073719506240708648109081231360000000000000000000000000000000000000000000000000000000000000000000000000e-11 0 0.31356288386640507326458756774429505644134400000000000000000000000000000000000000000000000000000000000000000000e-12 0 0.12794619913284792609488231114238215483032600576000000000000000000000000000000000000000000000000000000000000000e-13 0 0.52207167094167267763755778238537614456966223390310400000000000000000000000000000000000000000000000000000000000e-15 0 0.21302612461104011938322907752452888203020497792182255616000000000000000000000000000000000000000000000000000000e-16 0 0.86923179886288810313132792793108765023604839191220475815526400000000000000000000000000000000000000000000000000e-18 0 0.35468134320801286160170704771300100480231718583585602951767392256000000000000000000000000000000000000000000000e-19 0 0.14472417528259756804796054374881292999953750450846269428439166736138240000000000000000000000000000000000000000e-20 0 0.59053252482311111666289820271265627957011283339633117775803175950138474496000000000000000000000000000000000000e-22 0 0.24096089142882226004312898263487226831578884053903897377238727914694503133347840000000000000000000000000000000e-23 0 0.98321682138616634987998350074333280363574478493549462858084905383119450585312526336000000000000000000000000000e-25 0 0.40119179179841131740502846764330951719552930204507922824612964792528060616830923246141440000000000000000000000e-26 0 0.16370229872542375395394781593717601539646377640647412829355074153943149854091689921355553177600000000000000000e-27 0 0.40804000000000000000000000000000000000000000000000000000000000000000000000000000000000000000000000000000000000e-1 0 0.16649664160000000000000000000000000000000000000000000000000000000000000000000000000000000000000000000000000000e-2 0 0.67937289638464000000000000000000000000000000000000000000000000000000000000000000000000000000000000000000000000e-4 0 0.27721131664078850560000000000000000000000000000000000000000000000000000000000000000000000000000000000000000000e-5 0 0.11311330564210734182502400000000000000000000000000000000000000000000000000000000000000000000000000000000000000e-6 0 0.46154753234205479758282792960000000000000000000000000000000000000000000000000000000000000000000000000000000000e-8 0 0.18832985509685203960569710839398400000000000000000000000000000000000000000000000000000000000000000000000000000e-9 0 0.76846114073719506240708648109081231360000000000000000000000000000000000000000000000000000000000000000000000000e-11 0 0.31356288386640507326458756774429505644134400000000000000000000000000000000000000000000000000000000000000000000e-12 0 0.12794619913284792609488231114238215483032600576000000000000000000000000000000000000000000000000000000000000000e-13 0 0.52207167094167267763755778238537614456966223390310400000000000000000000000000000000000000000000000000000000000e-15 0 0.21302612461104011938322907752452888203020497792182255616000000000000000000000000000000000000000000000000000000e-16 0 0.86923179886288810313132792793108765023604839191220475815526400000000000000000000000000000000000000000000000000e-18 0 0.35468134320801286160170704771300100480231718583585602951767392256000000000000000000000000000000000000000000000e-19 0 0.14472417528259756804796054374881292999953750450846269428439166736138240000000000000000000000000000000000000000e-20 0 0.59053252482311111666289820271265627957011283339633117775803175950138474496000000000000000000000000000000000000e-22 0 0.24096089142882226004312898263487226831578884053903897377238727914694503133347840000000000000000000000000000000e-23 0 0.98321682138616634987998350074333280363574478493549462858084905383119450585312526336000000000000000000000000000e-25 0 0.40119179179841131740502846764330951719552930204507922824612964792528060616830923246141440000000000000000000000e-26 0 0.16370229872542375395394781593717601539646377640647412829355074153943149854091689921355553177600000000000000000e-27 0 0.66797085971921908563368866815005301322373079324897703308900444577749628664635731555099199185879040000000000000e-29 0 0.10000000000000000000000000000000000000000000000000000000000000000000000000000000000000000000000000000000000000e1 0
z 0.132603949841142515285780490360976427894076883042238066287943492140216129499036932138882e-29 0.53904668824398376538994569264473327987248044129806878776943266772498602735268330453971548552294090043422423925e-7 0.26904100164260489797665622189031590511664423105323795665852922269544164463002759965075e-30 -0.27609134499074617624695971052297531507070480401572233798677726096996777861210250618521708975173656630253984778e-6 0.17227322322699940906651632430082987538905083084743807951483402338169734699704765261542977e-30 -0.11010030007474888094533283527672784703647280016894778492390042358564451930519840805652012425908721357136363497e-9 0.8683590997722054810287479419109416575807956334521500198850016612559079503696583353793708e-31 0.26121451132024005487038861884948239578709909153108302978378699632347157219315934694679699741542851093794260565e-9 0.1774662742307643289141130412107000838351482266308123026763002301423077033857154867040237266e-31 0.17320802389319672264457436374567372773503100526419752474472506955284149721946621054825721722297250187028818706e-12 0.6960154371940693419683321445532950150630321300609108365996266603470532892478812229334221348e-31 -0.23723707785771243492238131170207587445316071238110460544174134780463292926539319047705147289081108059555433366e-12 0.7006432103512650959027135628325182564170988537727928885361207243733306936111362875652652737126e-31 -0.21942330265416732932344797053385672701148407342514511234741184681530717574117205104469064218254434439197297607e-15 0.1673807014211309854883228278793181554637327300374549090964138625293267827748672650532469987166e-31 0.16767430912726768800487624488500063383992641868182340071137192908164142979346619745669090313752805551509483684e-15 0.675124153801217552240760974579464926965587301132846225433134328856183512426086483278267398843007e-32 0.22035599880835152525176780418537598226635874381753215560863033960652004220601467719213916419419088508807237443e-18 0.2273799914930934917204844940484632925091400895837499935455440820452542656028493126547849382106101e-31 -0.51443503575227596975586509474830279080225905179741181101454396405407539499807135746462758070041280858068092024e-19 0.1793042040917598056745091407676170861827935393031734563186766681088136227550244022946398645665668185e-31 -0.15433191472282820984431138061544608825601757405547316229322518222384713351300546719549027641263120983212677959e-21 0.226429520289834514737264024299153480056829123909469076987355796341594049102471941747603675951083180e-32 -0.86867838440350945007798849104624933138222500745709693871344649879327635998396086935593401632872131706745818516e-22 0.3308582177697310736053209237312976458016239626100453627870534263849137302681833175158870884118498333639e-32 0.20632553389234723914931725408804719287944933314384505711864125707423738325264302434927836558604174820514476215e-25 0.792295837532987520426029633644750416526203221956560633544644924271529416687357700707771145493362968092e-32 0.20083057644342103585269229985989795687117786067343242251691437526629431117830743118306119803832072253801107009e-24 0.446367964273442353644463519459655073990869258351553774233833334225260682215000412090330136461699430535372e-32 0.14900104102348507052831438006477991657776187595656226380222223907937250131688395228310512689235285161009537667e-27 -0.53170656217083250292082988017139300055318302331095459688337432287195835174563920096871564889642891668705e-33 -0.23562728239536459433715861810258781758505156950120151172346836796743699875746033428965520520588629755066298485e-27 0.16140656101324783975923040254893858193960204295080918515320807003702998616575970980384170325797090497604675e-32 -0.32303960306414975623179035703159704539218199932800755876519389842756425206155813375558051603002006862404929160e-30 0.6295124425774626414115114661752771497547470188623422154756252556335315762944591853209901801543998939185717779e-32 -0.11232609528451069857367693047760431986856323064689761452647022367277206624499029761534990334309315227398568075e-31 0.18289333476981941521579693796598982182873119633654764786072936554201104852106149310335890725743424391892901847e-34 -0.8929933978090717171946281345912708498519671802317149480515391353637889244120360361253201916935862948782748277e-35 -0.20878629744883173883882614453873012968946187396915047585011310941632826211359688152536480137372334457825488180e-37 0.1257479204362703753944391044869971032613284870736825928597430189887915756636153162721527655205749682114247524e-37 0.1293625861751818416285581359654418309782698015705351365224526708666767578840076609396740072219471444410844833e-40 -0.16794328346664600573371054924600549247425268931087122479611380490146081324715945401004208139847313481312601800e-40 0.60307383365446087835180935745629397427648244855608055189016816154109705315144117e-30 0.26394965763940949278178201954454664206732720967442302086676249413299740750794457708955172533817135896847591380e0 -0.23162112327459198227846926648898237777685910793454618159804876792109307855762732924e-29 -0.99398236563612206422819411413462262294660204668027098784505783866852772299225833803426139474933297499404175144e-3 -0.3250156202077563025495789639848745537614060252445988959654913926136873645710026047314e-30 0.49598661609009652728030881577434683240457305618269764223249437825349247713654642537080796256424902864970798639e-6 -0.2815407390723908537357775777739311195434688274058474835152468544201615157076237888998558e-30 -0.14064100163717890248957568730372998088429734859942212662663069946725071923092269875268707490088331565534203889e-8 -0.1371178928829757254571624261754434551125641151708131800608950513482184291015159106839026e-30 -0.46956919402213851693506565238864102581227868526946915467341429368170719434707319174527459185760212409055316382e-9 -0.184264068313005529835128579285522085058925358638662025917790879567563698569375698588363798e-31 0.11418613506191349247530550969321508070329487929035507977821645360945602849790071554659925644246570617519610493e-11 -0.1128500069804881411295171777382298699024250687565183667654159922994770543369552881638101987e-30 0.42686012116720391476163289757781585337284439692847771341973367565794462388061417892408787347162666658176369154e-12 -0.1209420014191740615888531263906262823040699322420580691385002414472866437784916957190738958044e-30 -0.86293278257477429556563349167964764470883490633754265870791834932691889312557086623809809559442012108324426115e-15 -0.2684313787245612073620242748076102206955710709863895379045130766985247420194467718615638042633e-31 -0.30221594049973084883877258915778658668915514304418889722889966477407995449199730411611442950485754682778188203e-15 -0.785519472346496517072328777298518519088353778344456553280006422628612470044825922658249170450579e-32 0.39778450674442929117155398730325855813531489678200856430939439837933978784798503729388836705028308759149402478e-18 -0.3765826388347633211626605936308623874109338527905029020057945481857195075957833534458372104960353e-31 0.93535056831689563869215405327142765559938086139063954204275519727688544018933300555153594096283695386369243935e-19 -0.3114287451216412090405350156901561214560787100300954892623064782946940417631529543561602890566615477e-31 0.20423094687781355832886347408758336843194906993947852665977649819061122682731803284290482041776145906903988349e-21 -0.296986419442082314735317435405906890235153017957763046223699904686346734003236809512796230400018072e-32 0.15515575530225292226667130113895775412067528119793144979661222804758194403780938739704185265305416472365183550e-21 -0.45559393900298440701564994886069690902838028756916284445673461286006501618560537767105983635627973649e-32 -0.77113084682570077412694749981539735199760024016889772031145803510402019570207492473828938027882014769262779926e-24 -0.133967256253682349873037118311293613908103538548001036438684187284493823134529475685778559627922962896e-31 -0.36049735917135216143964109695028522251130499788114969155004403556726085421474729359427150660601897908918267212e-24 -0.799937324528529868713989195218459827453173413456820743416533921192316444080297296691821265641415381440511e-32 0.10632400738507451641787323077979876516364354812699362881901428740722878748361198307725188777877671879686815569e-26 0.12555470119406010577551651818785482625118222275790922111878461016181516758818946099851741032450813663780e-32 0.42388330507488783446548541585332533793268557011294890026308000359059725689263689977060543862368296566104858825e-27 -0.5883653682929137660138125235476539544916766874177114460419531696095753057963774184901071907799056894764524e-33 -0.87343290786754206666450186362210082501691025628360779954940018729520357761861088057625682241905999949098199376e-30 -0.10517376079200383595344025747220023503088993789271371881672929052535428148795484261457394983934178671705238939e-31 0.7702992131025559070625018489137710681016577038758732370382943850391677066093888886067228648113165583461411589e-32 -0.7826662080750793301555156639037968283873621123365382758606206559212799790428190912590207964840181990983544845e-34 0.54091498357658905534017086660079746290479772794096469223935642906696538269732829706749851776799433247955033183e-33 0.7538010128233500769770168220291972246113757903983139628306794631759469601380095652503833529538612060590866460e-36 -0.56575249692027660932421265005321886863374750355205364914332766661903489970962418761377111765939774649634710155e-35 -0.599181205622726706503761150963727259419041604304709355087717065034402074329191e-30 0.15709474071041428611663076405481087209945866577440941861939599277741037275727256454377494275736021764365011608e2 -0.8919077036852408231398376225558311210094020089529197255523139366181465886786173e-28 0.62665694110588184226206043078787428067402448524270626822073468406925291238292096253116936753587383575305298789e3 -0.568189553223035312951192618594520661390811967512803883096841298313665260283139077388e-26 0.63162458838131088929637569444232457099830529705478210858423468584244367069879269204113713733040603499793043890e0 -0.11712708939051077842123473772721169360673497079647938370797300732709228827992556956223e-26 0.14613243276956710613220693031542662731983875700564827509483031483325660577600569512691652408981916610621797249e-2 -0.7448180993939212379129694026649557146980986211387659770482181475391920474834969836129509e-27 0.16279348123433598089586742551625034592752985783130586829346529113320149988331226751852648689933496191975772117e-5 -0.3729341437360140040344716495636338476393314605744269806163184131401881607798448371156896e-27 -0.11126366585337559195394624685757158214217384907965358818865064460491115941262302349367941559430866856445462037e-5 -0.834495504611072084775023964594085201702834134279959488118239498367530330959222212969392860e-28 -0.18353056366464755245829484640083324714209944620338555040291767823267753811321347339268185517273054727232669808e-8 -0.3042067264050080852803475866709490547639520441910537359667405909823134646729479083150981296e-27 0.10101802611744039925252816848544960671083059801037951597672551976288384662929844455788149934123237616933054631e-8 -0.3007765011730206441940053437179811509369299860530207073655483044445270676893950787388634817246e-27 0.19363550805562413764728762291328234623298635249415973332881636044052235399668760166151788183787242765158828551e-11 -0.7240195071568949553134495844735819936157582042375907174617060291977139493091541528091242841517e-28 -0.71346826608242576120329848755141541100545384344391742611043524167509207747429450425278791328150414126234906925e-12 -0.312715601108094630068923155112236966259597717968609861536925997180676506835189385422927607597534e-28 -0.16534449119885956599162430575529532973191772987988472043189997273226059962291078858497572204210279613785042186e-14 -0.9885876957051949885214542670059438192361550750979198039860969006451639235942469743197466254048922e-28 0.21807417404460126452971262956766086755353621726919273480918128972125505860128899025776671908131850535141418551e-15 -0.7678344534413824968686605078029394244343789791900872451833849557866092695003094356894717422018459023e-28 0.88704083168235171729583000774482807436258389617609257581948969232063549905389764311674347298723120195624289193e-18 -0.100892920421441460865429370966787998620970116145172654461879545640198210753178319939243743480232365e-28 0.37108570381690741666901894288845235254905889271368156137630607222633154199281595174490783430463394674172938126e-18 -0.149550560766267584329189767142459660764167369088993780458360035590159202885521494075688410074478641667e-28 0.26505031707637125335940848824510789113477759808083831933264387336463768221211745521485647207546616086679741155e-21 -0.342615117748170991412619303427849132375381519879855014957607759357518661281011717916340726543224543954e-28 -0.85611507063310761408949951057002926767936297254612785957130574166721540828373122039243913200851431386441672563e-21 -0.190100235693361709401591532739889775967484673368843373941701554508173654225245572778985866651724343342386e-28 -0.14737317011275873416184397709295174910001359313098909174110794646794968583186752774840446467708450719313968083e-23 0.20688202062209165605907741189360380120010746069672812950712012466753499916363529193641902001910739239322e-29 0.10035375795058934918971239590143621728689514035258769642334412798039435360612401055214324451222751586407478317e-23 -0.75461787277274223155320822835394586622838874072825586988930376748447548434260881123453753891438221030475560e-29 0.23905556614026429290847857775010521025027903436121168050306680498181302327893936078294780375868199606795167228e-26 -0.2684846008586482809373494049165012790138139676303638669064786241256666770948094412459949190120955352543838902e-28 0.49754019005378788105394184455361603310677284120737339540315034383562827883596740103058434357263812426493116895e-28 -0.10482615688765642030930950504118264842539907585238634310586127002049884280773713711440095634569202039100462592e-30 0.8575691743779121653857102305483493644744328933995690044484873398495710540200409016408593375124283680946198141e-31 -0.39053780919439792229381266863397138102061512589103324311427210351391413110793e-35 0.26615067169664861074137835472381351260568013789242786761094232641862081305366563070075092809115551730442476967e-2 -0.868118250026488174336220749770011523303067708289445402574169541758442003774402e-32 0.18407793520597928072225309540684724766714015101129396076774064836915149916721968469832402071522966742790276716e0 -0.10422019714486121972110346149210298866385522563884699286074541856485900635966918e-29 -0.13893176075050324818657966323897662481430723263061760688151032995433931052288316623935787211493326465832232131e1 0.12277447491275167947677531308499064450041238022363070738876451315043899417332759566e-28 0.52781974341918266992802541641126705891254581035288243808741818384982738288173915049534594949308743118798925764e-2 0.2269777246382845221080071029924642819904208241451773043702568884508931108944408081121e-29 -0.19736029035816274915219647744031556185785549873386116675504068686899229010807018402180601775395079745913158215e-4 0.153352766780542657470918470595263379118770697655936067296002173382864911433413636053128e-29 0.40435138817563173224872521020075574897137225284867492060439550618713225864941885361454105669140981993940976741e-7 0.7940440715301666298273254948158791231578292204317390261467664880694806459764464459995213e-30 0.24398805081033599959601367423498753038585909113293942782203057992115372056870814398872257591520338517128593730e-8 0.107296156537582148719036180720174974891785875228599717006362840420910512526834964451300952e-30 -0.73070211481075489389537545612192988756260120208607733828450813024875148422511091989181559829124850101502901370e-11 0.5964589468357208703678359823718870861855215961021297418919075152347636734657200644596636166e-30 -0.22166598302401374176873955787146537806067423311841228609483064859863937272409445668349953942184384097820066971e-11 0.6443430102063590071374038938719713051407957114545197925100055704809522630039785735047664764148e-30 0.60512607811242689384674664474012204224189830540469665485012566718035660134140028488253635393048307486864614908e-14 0.1502217644834407271630201146760160953744782717184046017823468178466449799523142645751245392690e-30 0.15630038663465403557825110192500695281781451980513494016772077425234214744445508395663071473488628801477628343e-14 0.441963057580373845597100191529223920935051689165184343009841341240628528802823722476232918227172e-31 -0.36491078913424021589618110943101260030860320938831708387890773882847509600111946568037910156777287766798583276e-17 0.1989415499839771140972807146205402433527228067301245040273701742997535617464523407947031020231056e-30 -0.47212800703945577986255113910798162311743098770458724032555293422888317768173669012069664424257990782991863427e-18 0.1665267364324071044742567710525873569703731103897586007694308577375735519144494027376255990626858151e-30 0.26383707436453124019388425356275631744056895985251707803534686792468741169765258851174620681751207850583109877e-21 0.181069756817939065177184735336695320709623740050539864252584488058261456217566986771035954044269011e-31 -0.82395924786897814125948332786306436166265663459946771479419630405389532855337588498670921444053379825641172829e-21 0.244976660027877737612764066322204750389772191521918154588650185714468696330928117913886971852375310592e-31 0.32499773167130288752242900887185937354887809763899745139047905245733048214250372199550526589185859257705394633e-23 0.707659257183276122426162919020573238616664537204843708763868156961726147743422486980153618187896116305e-31 0.18890980494205722140857862351882017382926967975030754700826747096353901861845907643579685584457530977575325046e-23 0.424264715262954695774611961118580813103985469132009333870026203936281709968177101983361069452171822083636e-31 -0.55839906084180111582810031804182494874115322624386864350992604328264359296175899024410542328797757690034297710e-26 -0.63660759460173356324417523915080360699099387898018529152053333547877309763344116476722883580877657547895e-32 -0.22093879170265791629106113080714623617312227794384434866096238339021669236624962356433913549836652179101204426e-26 0.88021301747514565866888586350594036332158331645129617466366058967650734256449329691120382605235518794534157e-32 0.53014936934084240829543708553832657836824819223853007270909939483182480730406264911869319464262505990387144275e-29 0.5894740363088981344456245735986946182386504262706658699219160041610930997809830715938391618061491582559974453e-31 -0.11667897689255825844160448379083721245188900428709981527481045497741291448820046694757758341786331437837216880e-30 0.10647624679457618663819735316691726899939197969742920247017443810832902164994882329592438887215506225256552976e3 -0.9021267361829744519675869013020199653413781912618245882135522316264749392405909e-29 0.42560557459628011310202700254416463034723073243654793593254610878615238601528104671718662730220500444647186026e4 -0.6073886711136641481635255693568737685156908509526184521602066844122135694919008e-27 -0.52518692613976055934220056619664011137794032307952891352269983239418606654243664554201784359237963809639095229e3 -0.996287695007037861345804191497646370311630186615207741112174261892608349941501640e-26 0.96226956027166722968410552906677274730292510167792914266654051872762102439576497499650576760867396455044523090e0 0.76944283913453552811593287625021790611671932707231410742964620079709281008340964524e-27 0.91951254246015858946024176896718953812626419145541888533829398632787898645748359694554213708063761549449200217e-4 -0.564009322845393909198085182880886464850176774339627503892105524335672547337835296831929e-26 -0.51037652821501290757775820826133415183317106297256776084524377118166123011396633648777396086034911576036656110e-5 -0.1092621948246805849744396812988860563876877692234465267455177426305344183342831419304594e-26 0.96145167028864643559923982237426092929976857395364017704215358731160980529979563163620359721717148985002133991e-6 0.10900280048688728876343066815133415703461385274833622307161195415812696974477988410832532e-26 0.55176697795784693685856823929897464075300752955192268471155319346819403990175697743354833575411239622934852012e-8 -0.9686453016101804248501670447315290461451252616153104803974623757991270620360971077920467451e-27 -0.88983196687123390494188501008854149257709460621801345094856142937551741047047174523834336313541658890085988252e-9 -0.17744013747823050870379943531173536197371366501020149275837165358233480101214651537654307106e-26 -0.38186975689352385543105109926425107940154251671894308081258894436047657335707280558670537353850778630133100998e-11 -0.238484923110651688855286378393421178569332408177372948249242169643724404820114819268201624359e-27 0.65293940251962338157094114611387580253187468668437615807163083290078631893089790770445514301095988501144922274e-12 0.3666291532770774944874960642577343534359186880087442779015377748085610610189575916289369319877e-27 0.97882122905770608356353518494113573191942504770598270458551244099857934352102424845994426767494730198380952737e-15 -0.3255719072845107060738883493993823968339076636055505742173843876206217866306466922605033680600324e-27 -0.24058600897457247261459960337975395373712343513836368698806383492879052541527653930877370631739711690104770629e-15 -0.51305602879614742187367903228954482091843763555924068652758599782622536325644773449162728941967223e-27 0.23554352400734717460522963398097434231667344426454509799153726354742754776830388578802898155957843691859445169e-17 -0.186410241264374724084851691672977153645336646627971721983988478665461822665575846417953028753654808e-28 -0.26521320209078316641557410938584621456743288091625856881263484207786334430398593581823279627162601165553053364e-18 0.9098132459894254022996135717237621316147900614063024363152122868139364450411749235749128829641009383e-28 -0.50322941163301288039728027756801717691143747234797238558654790125566615162809773248683888126277560902936551869e-20 -0.128766980302242126240275302562435877605354276091776202654445634351334397315100693644825159937164348594e-27 0.70088858905597570851589872975843645636176037220024028273624898334862359424984602980853673523721624588719930245e-21 -0.1280974806105157747202073540356598773742822886737537097444264191476816639502296121105195659018066242706e-27 0.57228752341416961282217862276175248044981133582530758861592740334426431418696135767447784225826077760319504941e-23 0.18351715512166735649674656209038755053758280902354320223943086841387234298981329384443011716625836481542e-28 -0.86613642802650776219426636698400009053765071860297439523433398790204622612516531485441325283374193003385343526e-24 0.44930706628356245920261125022530639327001341969841459364060729736835124009535638346729023217749661244367e-29 -0.35128454764433246464349106377962281624950709211458885342550755445793268537017200077578302928168170685225615707e-26 0.4791492024753618103067444266727289234120072337297040847360042453952234343901885389081117471151286803345950e-30 0.63120625416491146977335448509400610028293222241768768372052933935593439470976439865471717362179887662664004047e-27 -0.57027616741655363470161268312260181891602202818513759175927284732147489431721659999124671744759267471858850e-30 0.27182524075652809254471942995621282443662861609043913108233082890398730732115749888068688775174502719450282775e1 -0.55769848267087238437733184514793412565513867767234364339707885638715916370248175e-29 0.36641240102815397271854190895771403650073894285626771814477470545484721982219266153131687498996233939278713213e0 -0.639821878877313148386038092356336906641171210914890146881763934308824693545179480e-29 0.22062080055439600972668642542998191387194380333717494246102780406736351197673155347559614370875546240898096571e-2 -0.16284923488919689848609498483252652148751901580133075418688591743426447872489160054e-29 0.53239607342044789221669168847123467216217694472734838727940599550881943741297708427202043453533724994503016419e-5 -0.49395476447976212563065189370401546084241879890807075537645473800068102866378940044016e-29 -0.20590304957600929419135874291949076766956240457721861679066981698211393122199411887590858885253738129417835214e-9 -0.55360804831139979785006116054430719493998531377660927631161646465207836428632787952188353e-30 -0.64885694253346596204233913793805402323783198687546917963802303412664576054686517738746057016811292400434351078e-9 0.3620605586593792764193563719465617520715378386732252407963407001351783283145760721234918e-30 -0.24848234749111462004491860123225161888883949729229783921047375771776399480575394472593173410901345213087408634e-12 -0.15207136712004960297538468258487769749434178749365673893757411863512222697748392238074574265e-29 0.59618480867958000327715051338374905300183516887703920786782850674708547461916139513185699009495153466180143733e-12 -0.15076327110770014697516519435114862006746049806042863663004217624129405976982810375930261745e-29 0.13357324270323911019660833406477153681864287631251539527382603668192815478610425956348858193405415864153767943e-14 -0.555283757415750442880189467863822400556360561455815052464773066416498439351673540734992080009e-31 -0.43108286464702294529304014334630301961449377156306570827691149651471751727121016937063711123213890007447494642e-15 0.1138807672892820997990289915053146152355112813936887525191319865817883472820770496980946564323e-30 -0.24268819147296461201820186747813085565863936885747793673485146034514757107787353971745720302916896918272297889e-17 -0.4846193462676188736741826041513832321545817996206181146054702357327403521286192311157839478854928e-30 0.14933525826588186616443077946683722509281588551775191889902721467462300821054360798689554283036115182948375615e-18 -0.41151351208923370851915997361235619758253938335459419108129910706648646291991057644751970547619984e-30 0.29760063128155576307621063446870820976118042287932867947265680450727949832104070550708669204875546405269076886e-20 0.19773817389907471563559683282853063960238111753898299808660862293052531812175622595573946937712966e-31 0.19135532999147843424100828880412082874251442707786435438786145322893514866093980979004630475330373073351807007e-21 0.783059282995616456487080884021493781646873097494777980438529343502334661270366751389341820002920161e-32 -0.24965100438711153051735194441757062510178855976197232544784388646445827709210290552302507192100774738008572250e-23 -0.156168787634030216563981473932903174616419725092523934016491661792985061989990803803507544804176854364e-30 -0.47924628275972808438928939630555913840380571480441116954642809619049763928284185381276015375136294697813928280e-24 -0.9573781125468702106489108066285134204977352815929348102529798727166422440855338881325113805513603602438e-31 0.79309691872889698583489095628356861277092246008210559399953857124354714678491738663398524328290867941908467296e-27 0.178480583154545641287214347285778387661227601284372190494544819021691337583083447397286624175426028579859e-31 0.57997377387655725020728478558393637072607692901945700616724087056258167024946499204790237453414256411722503686e-27 0.29297476351606747444930528641909990111571028939863462268812415475353611183867031922104353037011173945416e-32 0.18028210059447311964166009301193911214795675110313121092443895139794861229055162102144904171545924865315627969e-29 0.3927595212913297022040266955259222020502222252089528115308849021443592401994985073731438188791906684014492e-33 -0.37378067980622353460388259285926725855625275935690521068238948320267271645993614396561903546669110233037903309e-30 -0.53329633111777727570006299423041057180425833245153871703734823798245644485503505288310038090056146516944841e-33 -0.27449218141249254185259698382968181896307458653794824340980016666295310884265659725172596208620436908179267798e-32 -0.84505965163799021874663070549010205244226222571194504879202710941436195379388199345410907594407177264938606e-35 -0.12213866408666145326372923518964870990675312035341986149599343494787243582485703305475905812514073871848490919e0 -0.234861808496475492653549471754428332631831628678733206134031121528540418430337545e-29 0.33964013102969992778005801683992323918130210031035702275388873844416560200660471432849089788942297728401254029e-3 0.2148216775058115193288113222575594764616198209424542573581144161246077431756953906e-30 -0.23259411618129100405380568542663226192717169179156985377260521510117647776797186694852466285444570449744463816e-6 -0.13183177005974348314642387317403071116453572377911209003076344782044765505602786372570e-29 -0.11786142362958532804884877754162079836135637887795479646263936249865060231949891548446590195558733758476976084e-8 -0.2610571005877160445716795119676304756302632658067827943795077008131133363963591225326806e-30 0.22307257604694405722692124065214649555917817245279686137618000695651216987132951792515960921806922289542228851e-9 0.26159428696976950003392159283783574969382418208384678073470820684435549799344019498314942e-30 0.10861366526441462659994212484691918233954863767323877863224753103278370744076929725548314630275880639956930026e-11 -0.2179203080927513336546488200469800424752771138072065604138406717471258766242531602814200278e-30 -0.20646449253998851711583404298817140925001454521148487442950220039116450274841917087346670868990444557213194269e-12 -0.41502863432354675950170424162882939935651948387136436046001952888644875596713172527076624035e-30 -0.70172060973090073951473928392362625071677635663072389813143162727429298609290044022024264108668577262593510881e-15 -0.5746606470401686038334243367904671390869941193715491619226055468393639654022766529993538814804e-31 0.15144359936885651579046618392516333081405414016663476056206582732408451625456995691592749347342104645794055776e-15 0.8792385073464484192340504243083213876569032985322551493049740747145596379791160321707623750230e-31 0.85628428880032768928343189596068616179361293901586448664854605590892748935010202385336716659126277165527823288e-19 -0.73741634901174253145581799572496586942540112176751317442894373023578634217475420039959919038705656e-31 -0.55694378576404770647202494843257659388615435166890775372856861364325779646194720595582156849492486980544313105e-19 -0.12025862042557165827264327395517596258792380644662160603476532672299426128198590251421543463497270e-30 0.60771248049478735814235152016664220044691476749622912865188940663725678049995401128919112833506499318518698697e-21 -0.471058612736745058854449009987462905258940241863738749768382106526204135364517603119612405474772536e-32 -0.61719257646149434131590910944162325064415123568264920847586027904134498950282541704159759785711504991608537824e-22 0.2206860686556560030072136914444066149751978955600433589418915075966937883944420203910489371648485009e-31 -0.11253931432638820553542821554712254766777472607611513443265180262512679301539229950768157830145566890259174652e-23 -0.295511173229243023389372669191130008879946057317147858207135756320310438859527893933423058071429099992e-31 0.16280897053146725303676726672736110172123694615231233769711209369153701664712217090391542623502596904179688653e-24 -0.3014431052143451609925775333671618369591650215098361722547304995697079335631098882535233412991507635103e-31 0.11909970726834626594285756051115234659829475333294539666634965881582519102329248063497083223592073305491420766e-26 0.43222370383015544273400486393130282462204724225310145666294871762072449976377126481453845423005587985413e-32 -0.20107362465471083601201205465059646364591853022153059602913469688343931774077973620007892673587341660637621580e-27 0.10446925871947289096169604963715032568217322619593634781214271022597128581251019086829164680784572026452e-32 -0.63407017547250402709558542109408285401050362599918105919844127190619050522167959443628448809639740895371811106e-30 0.1152072231478992776542962244329905926233120000415464722191494575040280855278237694323879514863221776735161e-33 0.14646991578208161419010353001438720595398028071081279054576708461614070734110835960874068791890288814658736482e-30 -0.13423848824168555854555667766708750419782866142818341575181636461210500802858653262297221792365416467925454e-33 -0.14119555772707403181924356541652284874772048331728250700594056597441067985330723305070130866780544059053346863e-33 0.13772642143931482574740532076424635221237930432099874408864828041291915235328040432012182331183128294836712e-36 -0.15334754173779424853612210496878922251845352074867279561974934058877704272784009522256951664949206288831806848e-36 -0.406125772209811785777502928813012922098388973805867531448840795631610468948303017593402986031437638578206770e-38 -0.41528384207174552149558818819248687170063631838048785216000801650157325603721436352894510355091761297248553726e-6 -0.67237514166370388456658060424139276674354827685425355160174306767330041784679365102048e-30 0.19002416016783244806210273977650383713266205994547463060571225373251701459368463219052136284670187760241953510e-5 -0.16051893403753673355202188760753334378822074727432054394096205193703884688897148176393e-29 0.82448361376739240259518214130735279268952638368990855738426828163671214336223198278544690724746581167736876061e-9 0.451850080897352307917084426011975390601768436946211316404149077494585492619915569245214e-31 -0.18193131478460394797568179052163713428170509434546022221344460738676882026923878783110368558404886746987172496e-8 0.111858597479647486941383967621324924065413386527787050258613818082972464804785377234331e-30 -0.12781652047980714200270140452962081334679596228251584668036238853127767032540547573644058349531870341219618127e-11 -0.6290653068934373477400285358734778481157128512799167168244600995791701679601727027416434100e-30 0.16810059936970359058864451318621057756943350074591348158362645279032629815281319400883040298188178233859185363e-11 -0.4726049145509206317781691385445059117659254222575510949402522197454352237174465417221163829e-30 0.16033994014229381496340121047524750652001277614323391228557892826326062261170793542968300018062851607345288798e-14 0.852417075861080617382746710883215173047715313548128598237907967871516993407119923493333481747e-31 -0.12302129955490697735979812834678073606691826520294792331496564161177990031743442983353610197847027100996130717e-14 0.181139246032511880646146762110076394762785138354148107708350730817346151024947710825699757503e-31 -0.15963095522346046162751179882053838005894268679995437766170476670208849405336071562522059769751905255560370631e-17 -0.2122883052348293675168087959148705168839920203173584633471461939037048274839213612834068898144873e-30 0.44908750188581894967045162320187130595183466884796226961647400396496105683291442543833383919152684086059491966e-18 -0.1193590848672754875714108785017108370347868445200568114304612799711780516865568695170609949641366e-30 0.11039876000941830970124572885728234762399151647666277782783614750937312156188161197735046140137150153508289074e-20 0.387193051584319178862008010503025227648514648328709926821538935983739653135197369776900349273639775e-31 0.50614620401891063060914794396815828511312693513102149201854255755131909084735940742998969220337428946390471345e-21 -0.797843522584335252298001268818216449318571184428632928231375356328539265171386026035519427952214775e-32 -0.12682241486042156155782314289357682274138185560963638723918812154236087150237382895418960408486797140027646946e-24 -0.6127541400579594295064315328933016639922838335868195618445114541933955486530838981799892497299843408925e-31 -0.13258823418551312053735351751363709352894642193438741799031798232258921880361598630483361154827655555561371447e-23 -0.265916492652336355058262293258705934716655412603013892439345578855795752699169532731550873907692162830e-31 -0.11004233433757932214809063868280652569374275565894322353403771245043525011656652993358818769157105801787409921e-26 0.923386435171192845356074446247714568742378152449169150558167676367938142613414905810774453186123731936203e-32 0.16324730645786987265415414704910707510966645072820057367948827771703664909907849629578194408220576717470688456e-26 -0.3611390850778215225668732515762902263656845290931601244769679995611314234967554590923306742836216972842e-33 0.21086455350519874678901802638422568395507994401353453764361413100907742355566637958955070095397032053104339192e-29 0.3069267701393437446687529955203399572726858427811660833228096534793568162905570834201179779751807153300429e-33 -0.11319267347194259612421526457685225011444568682107387952321624984140111555273982804470663912565702776084274322e-29 -0.2591211262151631810461359710271106828995236889635583590056311738117147769768623691534434900857215307559346e-33 -0.17629052892860647641231879691015936787310228441569050006697478026308214338763753034349822196756275384602171685e-32 -0.8765756339403029115223918110115104677351913688926302771649911416044141223020512387258822084830119884405850e-36 -0.94903031374540718179974917898980490335327126412310292719772161150226302736539589711958956445477929033746088778e-34 -0.239635803226100121228591456187214674421875656118054914242224680554147760700283014615187610322069836437950845e-35 -0.60012348746280897814720773632083982871151537149976244263150478902919959517813956108632771072247683840957661631e-36 -0.104034343992822604708975256927284548620493001999791246108161417664371605528116045060880040638107525457886331e-37 0.30012726137914624169315483529537137196518512145729915292186178967263055976861542720158096826738806193063687837e1 -0.72865654661369789796323450015993779548349186363630125822656817732283702625476e-32
D 0
excl 1 168
drow 1
modes 1
tangent 1
chord 1
mu0 1.e-18
ppmax 21
gmask 6 1 1 1 2 2 2 3 3 3 4 4 4