prec 374
threads 8
mode solve
iters 20
h 0.1000000000e-43
dtol 1e-22
gtol 1e-22
g 0.1000000000000000000000000000000000000000000000000000000000000000000000000000000000000000000000000000000000000000000e0 0
dims 21 25 300 27
lamL 0.15000000e1 0.50000000e0 -0.50000000e0 -0.15000000e1
lamU 0.15000000e1 0.50000000e0 -0.50000000e0 -0.15000000e1
th 0.1125000000000000000000000000000000000000000000000000000000000000000000000000000000000000000000000000000000000000000e0 0 -0.2375000000000000000000000000000000000000000000000000000000000000000000000000000000000000000000000000000000000000000e0 0 0.1375000000000000000000000000000000000000000000000000000000000000000000000000000000000000000000000000000000000000000e0 0 -0.1250000000000000000000000000000000000000000000000000000000000000000000000000000000000000000000000000000000000000000e-1 0
c0 0 -0.14699037787330031137654349940592457848925119835509992330017127072532768757930230784585568989278419261955869961e0 0 -0.10813617974470389735146472305628974441145581633309382622228007050197235853507561333878375910434449307866301401e0 0 0.25512074928594380471811102227048389253954740870165307994645175879674255773225965367967266061925328864070119562e0 0 0.58083320604040098972001917304303611596059865406695759995824305574883821182675049667883778753970575205180124419e-5
d0 0.1000000000000000000000000000000000000000000000000000000000000000000000000000000000000000000000000000000000000000000e1 0 0.1000000000000000000000000000000000000000000000000000000000000000000000000000000000000000000000000000000000000000000e1 0 0.1000000000000000000000000000000000000000000000000000000000000000000000000000000000000000000000000000000000000000000e1 0 0.1000000000000000000000000000000000000000000000000000000000000000000000000000000000000000000000000000000000000000000e1 0
fix 0
shift 4 4 4 4
band 4
extra 6 1 5 1 2 5 1 3 5 1 4 5 1 2 6 1 4 6 1
pair 2 1 4 3
n 169
scale 0.10000000000000000000000000000000000000000000000000000000000000000000000000000000000000000000000000000000000000e-1 0 0.10000000000000000000000000000000000000000000000000000000000000000000000000000000000000000000000000000000000000e-3 0 0.10000000000000000000000000000000000000000000000000000000000000000000000000000000000000000000000000000000000000e-5 0 0.10000000000000000000000000000000000000000000000000000000000000000000000000000000000000000000000000000000000000e-7 0 0.10000000000000000000000000000000000000000000000000000000000000000000000000000000000000000000000000000000000000e-9 0 0.10000000000000000000000000000000000000000000000000000000000000000000000000000000000000000000000000000000000000e-11 0 0.10000000000000000000000000000000000000000000000000000000000000000000000000000000000000000000000000000000000000e-13 0 0.10000000000000000000000000000000000000000000000000000000000000000000000000000000000000000000000000000000000000e-15 0 0.10000000000000000000000000000000000000000000000000000000000000000000000000000000000000000000000000000000000000e-17 0 0.10000000000000000000000000000000000000000000000000000000000000000000000000000000000000000000000000000000000000e-19 0 0.10000000000000000000000000000000000000000000000000000000000000000000000000000000000000000000000000000000000000e-21 0 0.10000000000000000000000000000000000000000000000000000000000000000000000000000000000000000000000000000000000000e-23 0 0.10000000000000000000000000000000000000000000000000000000000000000000000000000000000000000000000000000000000000e-25 0 0.10000000000000000000000000000000000000000000000000000000000000000000000000000000000000000000000000000000000000e-27 0 0.10000000000000000000000000000000000000000000000000000000000000000000000000000000000000000000000000000000000000e-29 0 0.10000000000000000000000000000000000000000000000000000000000000000000000000000000000000000000000000000000000000e-31 0 0.10000000000000000000000000000000000000000000000000000000000000000000000000000000000000000000000000000000000000e-33 0 0.10000000000000000000000000000000000000000000000000000000000000000000000000000000000000000000000000000000000000e-35 0 0.10000000000000000000000000000000000000000000000000000000000000000000000000000000000000000000000000000000000000e-37 0 0.10000000000000000000000000000000000000000000000000000000000000000000000000000000000000000000000000000000000000e-39 0 0.10000000000000000000000000000000000000000000000000000000000000000000000000000000000000000000000000000000000000e-41 0 0.10000000000000000000000000000000000000000000000000000000000000000000000000000000000000000000000000000000000000e1 0 0.10000000000000000000000000000000000000000000000000000000000000000000000000000000000000000000000000000000000000e-1 0 0.10000000000000000000000000000000000000000000000000000000000000000000000000000000000000000000000000000000000000e-3 0 0.10000000000000000000000000000000000000000000000000000000000000000000000000000000000000000000000000000000000000e-5 0 0.10000000000000000000000000000000000000000000000000000000000000000000000000000000000000000000000000000000000000e-7 0 0.10000000000000000000000000000000000000000000000000000000000000000000000000000000000000000000000000000000000000e-9 0 0.10000000000000000000000000000000000000000000000000000000000000000000000000000000000000000000000000000000000000e-11 0 0.10000000000000000000000000000000000000000000000000000000000000000000000000000000000000000000000000000000000000e-13 0 0.10000000000000000000000000000000000000000000000000000000000000000000000000000000000000000000000000000000000000e-15 0 0.10000000000000000000000000000000000000000000000000000000000000000000000000000000000000000000000000000000000000e-17 0 0.10000000000000000000000000000000000000000000000000000000000000000000000000000000000000000000000000000000000000e-19 0 0.10000000000000000000000000000000000000000000000000000000000000000000000000000000000000000000000000000000000000e-21 0 0.10000000000000000000000000000000000000000000000000000000000000000000000000000000000000000000000000000000000000e-23 0 0.10000000000000000000000000000000000000000000000000000000000000000000000000000000000000000000000000000000000000e-25 0 0.10000000000000000000000000000000000000000000000000000000000000000000000000000000000000000000000000000000000000e-27 0 0.10000000000000000000000000000000000000000000000000000000000000000000000000000000000000000000000000000000000000e-29 0 0.10000000000000000000000000000000000000000000000000000000000000000000000000000000000000000000000000000000000000e-31 0 0.10000000000000000000000000000000000000000000000000000000000000000000000000000000000000000000000000000000000000e-33 0 0.10000000000000000000000000000000000000000000000000000000000000000000000000000000000000000000000000000000000000e-35 0 0.10000000000000000000000000000000000000000000000000000000000000000000000000000000000000000000000000000000000000e-37 0 0.10000000000000000000000000000000000000000000000000000000000000000000000000000000000000000000000000000000000000e-39 0 0.10000000000000000000000000000000000000000000000000000000000000000000000000000000000000000000000000000000000000e1 0 0.10000000000000000000000000000000000000000000000000000000000000000000000000000000000000000000000000000000000000e1 0 0.10000000000000000000000000000000000000000000000000000000000000000000000000000000000000000000000000000000000000e-1 0 0.10000000000000000000000000000000000000000000000000000000000000000000000000000000000000000000000000000000000000e-3 0 0.10000000000000000000000000000000000000000000000000000000000000000000000000000000000000000000000000000000000000e-5 0 0.10000000000000000000000000000000000000000000000000000000000000000000000000000000000000000000000000000000000000e-7 0 0.10000000000000000000000000000000000000000000000000000000000000000000000000000000000000000000000000000000000000e-9 0 0.10000000000000000000000000000000000000000000000000000000000000000000000000000000000000000000000000000000000000e-11 0 0.10000000000000000000000000000000000000000000000000000000000000000000000000000000000000000000000000000000000000e-13 0 0.10000000000000000000000000000000000000000000000000000000000000000000000000000000000000000000000000000000000000e-15 0 0.10000000000000000000000000000000000000000000000000000000000000000000000000000000000000000000000000000000000000e-17 0 0.10000000000000000000000000000000000000000000000000000000000000000000000000000000000000000000000000000000000000e-19 0 0.10000000000000000000000000000000000000000000000000000000000000000000000000000000000000000000000000000000000000e-21 0 0.10000000000000000000000000000000000000000000000000000000000000000000000000000000000000000000000000000000000000e-23 0 0.10000000000000000000000000000000000000000000000000000000000000000000000000000000000000000000000000000000000000e-25 0 0.10000000000000000000000000000000000000000000000000000000000000000000000000000000000000000000000000000000000000e-27 0 0.10000000000000000000000000000000000000000000000000000000000000000000000000000000000000000000000000000000000000e-29 0 0.10000000000000000000000000000000000000000000000000000000000000000000000000000000000000000000000000000000000000e-31 0 0.10000000000000000000000000000000000000000000000000000000000000000000000000000000000000000000000000000000000000e-33 0 0.10000000000000000000000000000000000000000000000000000000000000000000000000000000000000000000000000000000000000e-35 0 0.10000000000000000000000000000000000000000000000000000000000000000000000000000000000000000000000000000000000000e-37 0 0.10000000000000000000000000000000000000000000000000000000000000000000000000000000000000000000000000000000000000e1 0 0.10000000000000000000000000000000000000000000000000000000000000000000000000000000000000000000000000000000000000e1 0 0.10000000000000000000000000000000000000000000000000000000000000000000000000000000000000000000000000000000000000e1 0 0.10000000000000000000000000000000000000000000000000000000000000000000000000000000000000000000000000000000000000e-1 0 0.10000000000000000000000000000000000000000000000000000000000000000000000000000000000000000000000000000000000000e-3 0 0.10000000000000000000000000000000000000000000000000000000000000000000000000000000000000000000000000000000000000e-5 0 0.10000000000000000000000000000000000000000000000000000000000000000000000000000000000000000000000000000000000000e-7 0 0.10000000000000000000000000000000000000000000000000000000000000000000000000000000000000000000000000000000000000e-9 0 0.10000000000000000000000000000000000000000000000000000000000000000000000000000000000000000000000000000000000000e-11 0 0.10000000000000000000000000000000000000000000000000000000000000000000000000000000000000000000000000000000000000e-13 0 0.10000000000000000000000000000000000000000000000000000000000000000000000000000000000000000000000000000000000000e-15 0 0.10000000000000000000000000000000000000000000000000000000000000000000000000000000000000000000000000000000000000e-17 0 0.10000000000000000000000000000000000000000000000000000000000000000000000000000000000000000000000000000000000000e-19 0 0.10000000000000000000000000000000000000000000000000000000000000000000000000000000000000000000000000000000000000e-21 0 0.10000000000000000000000000000000000000000000000000000000000000000000000000000000000000000000000000000000000000e-23 0 0.10000000000000000000000000000000000000000000000000000000000000000000000000000000000000000000000000000000000000e-25 0 0.10000000000000000000000000000000000000000000000000000000000000000000000000000000000000000000000000000000000000e-27 0 0.10000000000000000000000000000000000000000000000000000000000000000000000000000000000000000000000000000000000000e-29 0 0.10000000000000000000000000000000000000000000000000000000000000000000000000000000000000000000000000000000000000e-31 0 0.10000000000000000000000000000000000000000000000000000000000000000000000000000000000000000000000000000000000000e-33 0 0.10000000000000000000000000000000000000000000000000000000000000000000000000000000000000000000000000000000000000e-35 0 0.10000000000000000000000000000000000000000000000000000000000000000000000000000000000000000000000000000000000000e1 0 0.10000000000000000000000000000000000000000000000000000000000000000000000000000000000000000000000000000000000000e1 0 0.10000000000000000000000000000000000000000000000000000000000000000000000000000000000000000000000000000000000000e1 0 0.10000000000000000000000000000000000000000000000000000000000000000000000000000000000000000000000000000000000000e-1 0 0.10000000000000000000000000000000000000000000000000000000000000000000000000000000000000000000000000000000000000e-3 0 0.10000000000000000000000000000000000000000000000000000000000000000000000000000000000000000000000000000000000000e-5 0 0.10000000000000000000000000000000000000000000000000000000000000000000000000000000000000000000000000000000000000e-7 0 0.10000000000000000000000000000000000000000000000000000000000000000000000000000000000000000000000000000000000000e-9 0 0.10000000000000000000000000000000000000000000000000000000000000000000000000000000000000000000000000000000000000e-11 0 0.10000000000000000000000000000000000000000000000000000000000000000000000000000000000000000000000000000000000000e-13 0 0.10000000000000000000000000000000000000000000000000000000000000000000000000000000000000000000000000000000000000e-15 0 0.10000000000000000000000000000000000000000000000000000000000000000000000000000000000000000000000000000000000000e-17 0 0.10000000000000000000000000000000000000000000000000000000000000000000000000000000000000000000000000000000000000e-19 0 0.10000000000000000000000000000000000000000000000000000000000000000000000000000000000000000000000000000000000000e-21 0 0.10000000000000000000000000000000000000000000000000000000000000000000000000000000000000000000000000000000000000e-23 0 0.10000000000000000000000000000000000000000000000000000000000000000000000000000000000000000000000000000000000000e-25 0 0.10000000000000000000000000000000000000000000000000000000000000000000000000000000000000000000000000000000000000e-27 0 0.10000000000000000000000000000000000000000000000000000000000000000000000000000000000000000000000000000000000000e-29 0 0.10000000000000000000000000000000000000000000000000000000000000000000000000000000000000000000000000000000000000e-31 0 0.10000000000000000000000000000000000000000000000000000000000000000000000000000000000000000000000000000000000000e-33 0 0.10000000000000000000000000000000000000000000000000000000000000000000000000000000000000000000000000000000000000e-35 0 0.10000000000000000000000000000000000000000000000000000000000000000000000000000000000000000000000000000000000000e1 0 0.10000000000000000000000000000000000000000000000000000000000000000000000000000000000000000000000000000000000000e1 0 0.10000000000000000000000000000000000000000000000000000000000000000000000000000000000000000000000000000000000000e-1 0 0.10000000000000000000000000000000000000000000000000000000000000000000000000000000000000000000000000000000000000e-3 0 0.10000000000000000000000000000000000000000000000000000000000000000000000000000000000000000000000000000000000000e-5 0 0.10000000000000000000000000000000000000000000000000000000000000000000000000000000000000000000000000000000000000e-7 0 0.10000000000000000000000000000000000000000000000000000000000000000000000000000000000000000000000000000000000000e-9 0 0.10000000000000000000000000000000000000000000000000000000000000000000000000000000000000000000000000000000000000e-11 0 0.10000000000000000000000000000000000000000000000000000000000000000000000000000000000000000000000000000000000000e-13 0 0.10000000000000000000000000000000000000000000000000000000000000000000000000000000000000000000000000000000000000e-15 0 0.10000000000000000000000000000000000000000000000000000000000000000000000000000000000000000000000000000000000000e-17 0 0.10000000000000000000000000000000000000000000000000000000000000000000000000000000000000000000000000000000000000e-19 0 0.10000000000000000000000000000000000000000000000000000000000000000000000000000000000000000000000000000000000000e-21 0 0.10000000000000000000000000000000000000000000000000000000000000000000000000000000000000000000000000000000000000e-23 0 0.10000000000000000000000000000000000000000000000000000000000000000000000000000000000000000000000000000000000000e-25 0 0.10000000000000000000000000000000000000000000000000000000000000000000000000000000000000000000000000000000000000e-27 0 0.10000000000000000000000000000000000000000000000000000000000000000000000000000000000000000000000000000000000000e-29 0 0.10000000000000000000000000000000000000000000000000000000000000000000000000000000000000000000000000000000000000e-31 0 0.10000000000000000000000000000000000000000000000000000000000000000000000000000000000000000000000000000000000000e-33 0 0.10000000000000000000000000000000000000000000000000000000000000000000000000000000000000000000000000000000000000e-35 0 0.10000000000000000000000000000000000000000000000000000000000000000000000000000000000000000000000000000000000000e-37 0 0.10000000000000000000000000000000000000000000000000000000000000000000000000000000000000000000000000000000000000e1 0 0.10000000000000000000000000000000000000000000000000000000000000000000000000000000000000000000000000000000000000e-1 0 0.10000000000000000000000000000000000000000000000000000000000000000000000000000000000000000000000000000000000000e-3 0 0.10000000000000000000000000000000000000000000000000000000000000000000000000000000000000000000000000000000000000e-5 0 0.10000000000000000000000000000000000000000000000000000000000000000000000000000000000000000000000000000000000000e-7 0 0.10000000000000000000000000000000000000000000000000000000000000000000000000000000000000000000000000000000000000e-9 0 0.10000000000000000000000000000000000000000000000000000000000000000000000000000000000000000000000000000000000000e-11 0 0.10000000000000000000000000000000000000000000000000000000000000000000000000000000000000000000000000000000000000e-13 0 0.10000000000000000000000000000000000000000000000000000000000000000000000000000000000000000000000000000000000000e-15 0 0.10000000000000000000000000000000000000000000000000000000000000000000000000000000000000000000000000000000000000e-17 0 0.10000000000000000000000000000000000000000000000000000000000000000000000000000000000000000000000000000000000000e-19 0 0.10000000000000000000000000000000000000000000000000000000000000000000000000000000000000000000000000000000000000e-21 0 0.10000000000000000000000000000000000000000000000000000000000000000000000000000000000000000000000000000000000000e-23 0 0.10000000000000000000000000000000000000000000000000000000000000000000000000000000000000000000000000000000000000e-25 0 0.10000000000000000000000000000000000000000000000000000000000000000000000000000000000000000000000000000000000000e-27 0 0.10000000000000000000000000000000000000000000000000000000000000000000000000000000000000000000000000000000000000e-29 0 0.10000000000000000000000000000000000000000000000000000000000000000000000000000000000000000000000000000000000000e-31 0 0.10000000000000000000000000000000000000000000000000000000000000000000000000000000000000000000000000000000000000e-33 0 0.10000000000000000000000000000000000000000000000000000000000000000000000000000000000000000000000000000000000000e-35 0 0.10000000000000000000000000000000000000000000000000000000000000000000000000000000000000000000000000000000000000e-37 0 0.10000000000000000000000000000000000000000000000000000000000000000000000000000000000000000000000000000000000000e-39 0 0.10000000000000000000000000000000000000000000000000000000000000000000000000000000000000000000000000000000000000e-1 0 0.10000000000000000000000000000000000000000000000000000000000000000000000000000000000000000000000000000000000000e-3 0 0.10000000000000000000000000000000000000000000000000000000000000000000000000000000000000000000000000000000000000e-5 0 0.10000000000000000000000000000000000000000000000000000000000000000000000000000000000000000000000000000000000000e-7 0 0.10000000000000000000000000000000000000000000000000000000000000000000000000000000000000000000000000000000000000e-9 0 0.10000000000000000000000000000000000000000000000000000000000000000000000000000000000000000000000000000000000000e-11 0 0.10000000000000000000000000000000000000000000000000000000000000000000000000000000000000000000000000000000000000e-13 0 0.10000000000000000000000000000000000000000000000000000000000000000000000000000000000000000000000000000000000000e-15 0 0.10000000000000000000000000000000000000000000000000000000000000000000000000000000000000000000000000000000000000e-17 0 0.10000000000000000000000000000000000000000000000000000000000000000000000000000000000000000000000000000000000000e-19 0 0.10000000000000000000000000000000000000000000000000000000000000000000000000000000000000000000000000000000000000e-21 0 0.10000000000000000000000000000000000000000000000000000000000000000000000000000000000000000000000000000000000000e-23 0 0.10000000000000000000000000000000000000000000000000000000000000000000000000000000000000000000000000000000000000e-25 0 0.10000000000000000000000000000000000000000000000000000000000000000000000000000000000000000000000000000000000000e-27 0 0.10000000000000000000000000000000000000000000000000000000000000000000000000000000000000000000000000000000000000e-29 0 0.10000000000000000000000000000000000000000000000000000000000000000000000000000000000000000000000000000000000000e-31 0 0.10000000000000000000000000000000000000000000000000000000000000000000000000000000000000000000000000000000000000e-33 0 0.10000000000000000000000000000000000000000000000000000000000000000000000000000000000000000000000000000000000000e-35 0 0.10000000000000000000000000000000000000000000000000000000000000000000000000000000000000000000000000000000000000e-37 0 0.10000000000000000000000000000000000000000000000000000000000000000000000000000000000000000000000000000000000000e-39 0 0.10000000000000000000000000000000000000000000000000000000000000000000000000000000000000000000000000000000000000e-41 0 0.10000000000000000000000000000000000000000000000000000000000000000000000000000000000000000000000000000000000000e1 0
z 5.82962140792379695325617066405356812305781145845431784975518645317450612448500296183416936045125027289348884244E-26 1.17449266728269623096923217780709917376253025272742865211263537808609180808645063089711882628974897376817644121E-9 -2.97161732427105115064615410187395840151703526282553385618345756642287684009706640722616624963955256371597316051E-25 -5.07422982771876219538683849064846924679126463692126909247069861995236228244916993617567459343196012423569120553E-9 -5.36741875908672961047318461605344705753788167808607195765326280820630668826561249855905800437525199033187788555E-25 -1.84160752320987420629861124484164278473942493966351590835865287249344417073792384378117860480556620097765920751E-13 -1.12158628424983660731423909529171556866555428261813930255471762852352118440699082037525552219794352127222290861E-25 3.90713710103507220181494086616784386783170215191014022673571854758041304731624322443373419267656510946871007574E-13 -3.73366479557200191069312785517238786019169417266381735515586320584550858430520646582227640665491836125467201521E-27 2.38295175797637430122568066845573244386568720575239080189415919015604880115922322575304119945989345269627446544E-17 4.89462905356114960474672735307593492064923589178993655527488469425435679544692024583757892578138065759598764018E-29 -3.27093089237267412137714502987201652787590291072795113480977626056763329992015302853512274535679285443212897296E-17 1.20947463243167790269725407962465226132638400376798821949773750881261419147751590439428736919996321626138454179E-29 -2.72641642256534540046572075771195215086254260402269161092954817602503258203019203703742629052574272712813270648E-21 -4.71782208829228352997437683337701297388915990523829066087145662628159435180428057012853029159670294006042781347E-32 2.68196311306625407693290245871825321693821935766476014661795334347055690854226104200124083797818954648165041641E-21 -1.62313882184570115961060747933269810637694659445624987788613084448876626904967926151805496481268999114475416251E-33 2.85314162981004669632150442476367244964633962162203554124835916228659019140238000315239406072825905845921362454E-25 1.02373325373651098569171097404715897373150486223137556162618515249362536381702533708842669915375341008528487901E-35 -2.10055199906921354840585619074997902449099515457904084046208113531003704484028127534284265679308386945981586010E-25 -3.92039148145821698322867636162369874144526766262804805668056822763448067438030115211582109790274920440011814264E-36 -2.77727911416189445485059464068604502444845606019222510400976628515544867845881584462756145065108050102648961801E-29 -1.25665046034279237965110413714987529369887033908384270572758499056850374611266482751889236475607665439848684275E-37 1.54565810053858341689612554811156045077649998357526499534106034595511123035406081344566778395037489677760795799E-29 3.15552156292788580841696390421069064993713269551242484373843298325767208078843555633921603821526499241033765929E-38 2.53275611862230091814483445757638581082424507886819821226861830692702647217095398683924083178313926657763952753E-33 1.48710799438455986173754269691216823675817626277627083320680179481306190553613437349565140524642174127758604010E-39 -1.04263644777268053876513710702116702759046825493040479130613724782019120663196748053788353456481137350789241768E-33 1.88876028166877595956253451168707079605047405871162301171507591975514213163568579195683055963961126794890025194E-41 -2.16544271080707557097911398935804678166162257869618288421779342375505404199827399728648594710261042608078646131E-37 1.37874716651086154907022563004578672831633900968906973633491305715754124705752657043371166730029278579691665868E-42 6.11863646709339181224228131764448115869804233978786835666934844170155902434415290845485585842290681110910858870E-38 8.59338219724682889267573120110708219668161735049070594351552471668761155504926901132689516504631200169416819777E-44 1.77190079325568697281858139465685775705059766482442537707220022860425788031402246248670770566045086528814700890E-41 -5.07238625526501601154346039630301852244538764005683498531954758057259714982366873420008343112513970067825771737E-44 6.78209104513142674168749456681431077999144415833583294762733512790693918875193429039553447285926105510399935121E-44 -3.60077974432289560807519513997633557653722845600874001628833049701406893519630634464507365383952661994269346324E-47 9.48800794071015503147407673809548167378086908886311581385065931185212459389396465810032966103658792464711099266E-48 1.00968636005053776632860375613765424013583694420061175911129557657940912795608193142604362901080978460676701009E-50 -3.67973678416172865406626747318899820816400062400678533584497145800983866208438999568703843273102049823146154493E-51 -1.49537151153940440791458237047707751012773293967166564559731603559573511264502228996040428204078982749003940007E-54 2.55760809646606487375369236449133567804310516704367623663356396938444809264303546780436880158579028654753564365E-54 5.54588179913173128121163704498924019828222421577388256643171242252286233340348762242524757590234789960500157549E-26 0.263554956276526163918177359059418540286576966969128914144971929867620021517250338171332586465068561963200870709 -2.08737143066871478375412664919378161213714485847464406972259247933620790934555762465333253564936032209809732152E-25 -0.000243525145410420599104769623009651184931791836817975920672897668253608911349209106646424772475280420458590072352 1.20793061314324085242662418849305715413757016007567182678623295049343037112841247647633697945528637312793646187E-25 9.09985808245392493400503053804680180230045008537338627489944616330159814596995396959321697505173449884443337994E-9 9.41554559707724289518812012300738247674088179226180504883404137358661790025728799846772714704656392752664442445E-25 -7.75798146244347077829619420716353469727707457913811365202989829495761438351177229854638032557864488993033853370E-12 1.93296272228587241331189788579027522903271717997666220400104917547925964466833806580891318013107825817650049579E-25 -7.00830110199422882036039443863031546881590417543495536389259722030594114332126035600708652577978414773673243240E-13 5.81600081053689202110359687019692322107460494128225012075154976948243215001036066997051264072301750405885038968E-27 5.75678523391623152844618792504589209779715800091586850446280487985594280621461965149609380567537348886267430720E-16 -1.07692529732774725502249097827936835902618987418385878874854707297284882168565832874274888996704718528571013185E-28 5.86843067833795712016040640835714950410661182576751269738631940732091251413136092219033484767052645592042168984E-17 -2.13331291131459766079353413342321027470053256181183128204053359287031014515960300747280718081678835970641068129E-29 -4.66711285955403965477147194995614474901208458114186296865415394780414960188092702876515443863222476003398285145E-20 1.51435127294324174212740252828059811929181758941725037661650929066162015295840317855686101290029383083555309062E-31 -4.81294808241103708404416593150450646137474559666441113086292329743654473298685200574564708995022109401926447533E-21 2.55879800299745084873738796679757595747197617092553294158644319302106996118785466086283479256964494282949978692E-33 3.69612596886991827857047971423694263285922838854784991717122018542609395901819349607124244204813661164591762671E-24 8.52735686818761160817132536605090618346534549675190205883432528391064137998484431710298896787036106092797792308E-37 3.77067430398986290536134044857232293561408674106599089654675993671198239918150652852517834663903541974839292929E-25 6.73334732681573722961223973713224423278033269496329585037422619387674620505513395436735511695942372411251913159E-36 -2.77583396356524838210575257177790873874711996676377620773436471805474819509202874916346544485564370019615323494E-28 2.03388464017701704558781871641592999172131936000382752619653635749708640207835486277421827826705273009593299562E-37 -2.77562880768225084666512943185666724414686890719843106439881556431186203193640399721132708960999720610209401483E-29 -5.59789303333182757715056761784945621828425578949110085523592937468946298993322661696765827129174150368775801203E-38 1.93081772723584575354860865947542198313773661599774214551511148878731478161534169774844090075595435506504799625E-32 -2.41211538594546057673438840242955265854693698606884849114930444624970910986287101963372989044400236576472500567E-39 1.87332736656441552402242611867189251786186551906136046819811410698651685758703751128427826267977889105987578058E-33 -2.33615131556529089744824920419598117744319743225540740696335749619843843760514813084737464182574276471223955824E-41 -1.19387399228818657771830109231243514300128267729610514674077449748218601198156154615730918201268270065206321797E-36 -2.20024405581346557723861557112249847650248023491265300284045102380922665674671230434054006046838683350293302549E-42 -1.10038254889642815636887688898871633483616860525989011528680533342729761356162152643698682086028953215240859693E-37 -1.55525747198650452844912457216703738329067371012377843462064661042014615565433197215747936065016250012395238105E-43 5.90753786447202333018320818332514064615152486779995842206135173339247059439511483654116150667392005739402203575E-41 8.15429507775118289010420176630686030378939857939259573749055683893241140316911090530207732506881282437002549404E-44 3.70414330875520148609257126450785852419206098647466678382920816399834816889678452207445345946308227897261759898E-44 1.50690527878153951543602130047631283085528014649899053705810282779634503613177754536987425896599729054341657102E-46 -1.04344852445428473287657309181882192037861131649703610704166801750002350499913257710075346152962302390013566590E-45 -3.57906149398988540128226358303702953542690867785931379108850349808264882710168689322431228270976236336379078200E-49 2.56816245569034284669427435661492400863163156400567607477527189726555445372861706742531153359032838983504928263E-48 -9.29095656055652726044266251841463338876354232841975659320313490153824024514705527575880603867839716364219011004E-26 15.7092956244460267758542176275497305814582487832409043528368999617472280161478149848474100312645504722290768453 -5.88624341856800916006144357283809275620206727635507410586267538384494651853509858304079139499655708219285455255E-24 626.659592791424352366027206032725249655266572109137557130485805615613810303540313843437531624557967105440082188 -2.16131900812887006093966616988901880180751412285243518563361964000230009207815531027793841722695166004996865677E-22 0.154840839945978626084050930195051288743681815565149941815477658537587052629494730194752836951696485546343761959 1.32436081850568861736418250673370974678307038788983038991217402565381537770423896182552264981813550403632982686E-21 0.0000387188235098394440750588224145060920007162152302421122657447120778198627422305919115640563945032995336239739208 2.30041908585606253152605807691073429236960681693153749380245363073151365118847445485997822944800525759361889610E-21 6.08854130476924678037484485198963754693320454054127775892413782355898931744977710904947346147947818155208423223E-9 4.79138163285132295790994648386578363623010952127481406473037071817979173929748724158009643465186277664265356574E-22 -1.66493679456096567096706005322813098175692679398862783885153936267287715319330492097353523291437172511245657983E-9 1.60326014620393346672433925398106292000948588607753391725148349399253415761400463010412769967394460046694397710E-23 -5.09654625248687430294589544217500868369826047600007894840603550996563389078684404026606885843203336383647212857E-13 -2.05949646786891297116092788869812363579218094369911446794364052840866651256739555948675410133852771084846200217E-25 1.39378414272653404204082028868570018757690728010886426826830700791043163454111585730218521632904776773853101225E-13 -5.16098754100615469022841165452227165070491026112417851013266996734191967081026333913777230880431120734757868701E-26 4.57895569702598264681613485035134215824506028568183513004983873492542729391734671814762275625816135773268015303E-17 1.88428961388721965724249570324091723906501827785072263895362737060509345406727372769632556530951488284617730207E-28 -1.14272940584527075323982736921908167428352506171240519660092328499398079543527747311410692576219975070990850954E-17 6.96732561230839542414398270828166403038622430051336092217383548834702369701808787435285900992494729902962900471E-30 -4.01867381706126119134455587402312843179217273534022890335235241783246272853640430278071462404891429369311989046E-21 -4.15743129367750423757441545910714554629841118228902425611217800915078545092551073672696982083682420327422080734E-32 8.94913380902592948073123674735486544084606315913762669593474390129970045832247785806380470666539965445778610137E-22 1.67168508185262618916837677821576857932781430162790254265011265386273198023250466691151962767557276356427404612E-32 3.37973563749427619480815915525702941005269174444888159094928887729472907566200147111952684054076874752059796699E-25 5.36603458600570848303210307298180266679993614205605921925726953466552606870481756001670475438814635490622026160E-34 -6.58422601944465080842468332966584408084199559486932235517375884992866953819064901737549911844634457753977476420E-26 -1.34553546542535763232211680451944220848455688442291265910993162760498763681901687352607980095240243064718876130E-34 -2.69630940795258737836023056613609080912274660150545958216458179070265419115205294636277150243040955831569854549E-29 -6.37569845227132151524254102757449018085083162811883084768854477956813564717856663349602327883312604843949482893E-36 4.44060860710534846130336282340567627467993566990842118493629523020420241594420006928211781355762329413499415633E-30 -8.22616124261011737793395891354691590344543835531329890514966058992300375477312717099132729040671607081288923548E-38 2.01444042245922611029988319951586246647992932648483372992447207679890074808757939477301734447391749572662513788E-33 -5.90771881684343961644676490320861752943408741188612769879025580487124091815256408858518286239980786651413292522E-39 -2.60507573215365843842659631717905556232562417317203148181269325296365852294594660826249504879095168108666926374E-34 -3.62475128074339684864507385146038237240261218346567163969071049852530827980625868204027838978762870735487481067E-40 -1.39951068128266584554709438720184073820454618005837793655907352978271403559391357290087927925371411409957412251E-37 2.16187705152285268394110658681743385101715934152135827212811124734209943700946673041535446192448381022524344380E-40 -3.15158047708955726108667600570562213787168470903335955381488572470623616255974651480143113960851176677277751621E-40 2.06572979498938937355203791734767135868156886986099331371320737610471672949062104311367708243924058189289259976E-43 -1.12173538499805646394750297695628467790262403125786780910411108705524638620164183840553483952004541728640273786E-43 3.39063031880064715702176827708516694002507468122243120689568068578703188582281898888425742529745569989970518664E-33 0.00266150671460251745690902823264233499146703316249722948162885129815526264671981313178596374600420119413254156734 -5.78721018048593878272112367164420562949616524355354661515747437545193026924373691349696870731510173516054417608E-28 0.184115163038045067859208558425979930897661128912434980546438224722422421109000948919699711672229279699033496400 -8.21297000005756252822887105342556025836345651162650165079128175281750516556939642171529355775421952814436360233E-26 -1.38667913996065036217953908738514492885000257519124013281329919641765997204980512027953564229058175765123067064 8.56884683142449044517507195063744388667754966985808641415733821266866997352957167727812612954632998434247961236E-25 0.00127439020141938130382784828451824434981571978791807173621285170595559069471107307601851901015176640482222852664 -2.12749987745022383003692453869466766297406778584348004467582915208600005461973725341141321297155559742797243476E-24 -0.00000107241243880218575312906850044285434944413812144516855744968438651422669275844517067132096783350122144616281912 -4.96179274876689036413884687598427089035286675252078403820975803470857532625389861327355975418557771362897222753E-24 5.11738180981347492926642336869842309226648677185585567673137614158857177166055300977094059079641814143056106571E-10 -1.04591845466940736477312467577230958526627070864576973744185010968327697550337258494596918919495662101391417365E-24 3.65204845705761272519059725458562935356535587173385293392655954608648025497270289249192694705294714195558190845E-12 -3.38128051446180597167183930602908417226444441665495343005143008590415082141785556712610104161983935937463097185E-26 -3.10343362310141514984816185953693459675116816593247517893433111428114877768895147073893125843623621084176742505E-15 4.94581427778575001766101099744943351029919452682152063602369584955709398675999448558673170057362937243041074584E-28 -3.06042968436177930691453665674467046503610342773403633569294756496701502719483427993190596826221371062796408858E-16 1.13529649585422803560597499242210067410690409835605948493799048569076685694624826565172789426389741376642745178E-28 2.52975936167034854760668601504095202130979103145542061283631779657461840509718762095344225499104108427864454003E-19 -5.80404607926968563618686016705008430732875659945020071208613352474959204820278179512618707556064594876626871107E-31 2.50950745272562011603694781204877865196634320291588903322951501638997548589887890691105155664737114353883419760E-20 -1.47192246242059986445058690962338756592428207010049008757213154080572212145860968750939298851153309309067917523E-32 -2.01569810675703895522276494150798326738761368283671957249792318701576009035121649588893847207198682757904572202E-23 9.88070309037564694122413581188907917282826051356701984034753300219985448661272634335246706677730053177068476853E-35 -1.96520503856800118110682823803767578425482353957089654950512129566135492121575568483690752274718039468189992204E-24 -3.68095278203672215506524490349750325492092418389239903220249354605595687359072338006882296057036712725930920553E-35 1.52692212019974907203054902248902854565804396805677080797686832032703399844210599490552193171178293437811392033E-27 -1.16449768063927283581923741312371456185754554202364461804350642978704266792829454497035185270512445843920477912E-36 1.44570053820177880324355603531596568897572583951722942607681394184338184686621098601893356676845238528757160211E-28 2.97108956107391778059680905644033210637345542688291569502685545078652835765221165242498259268203026128779843133E-37 -1.07656478843454669169634839084342183793405914035999040256754174012442829496274338067838133745278897605290193694E-31 1.36031191360527255937842360824295403711780332591249582449055767155608798650422939848579493045856386574604078891E-38 -9.74811572546589919674152786186938463349901940333172493687346211138990848766408488579474365721271500410574473270E-33 1.58714234674010566292025026332686178071111780347292204247311696897241250268412308590389282067251525491237559113E-40 6.82024465478525187104314683436817701949333300547487370949427805160120465441306454708961558569982396647065861245E-36 1.26106072559947804218466597185191508576094300797122164920425482027815753937350367819111529689360129362786982290E-41 5.71623888985595703573978133323464933849467976381088526080779497852864218719368881425291258421454052962793917151E-37 8.40831026969507928989582271125876215129193796795143653415473355427139471387832105102722728842855032936825118051E-43 -3.54420951725750099050865307616564873658355453635640529294734661062777270122964363891233906028087416059084186522E-40 -4.72844510565925630294172241973519588519814590834590972826299265194295916986612417317937592770840112501485149496E-43 8.43351050291240908466695969708779597004532631791951439008257561714631252960737104985980722346859046341175650074E-43 106.476246435844023893728911654585004724681259877109291895968182984097376841723078655678277576077951634462191616 -3.96598844922263685127981831537763203323041819858382779331790846508295749873011337037124697956597000440385098579E-25 4256.14386637876304020575352817653545828760764304769311442556053668783757988808278106002160536048121692906818687 -3.89573955611130883381068453527165498783046696470740398424427836625951148103530845293190513706042297584821049714E-23 -525.457596652964577828268097230766675014796810617578680365618423688732017691060539561619162995990400106846960417 -1.55429743009489801282958429210976911005369100227162558970540035938070055372502189517896343750634488371174808752E-21 0.234267787374982680445900802000339268958931917874384375470451342013029516147439524749323052117211879981833862888 5.31618516742423283884344844383722621602803713843424231790425346306474550425543162303877242955342768368523793327E-24 0.0000475467201598828208742534481419722561276383471130323638229993688843356222264688003542279202491041987027257445379 -9.27259355553347426416681444010657856984240741517118423809927038985313685359675281241392124583060090671372675590E-24 8.57939085683410759981854194790121974105467116023227352941954830299602950246430269390310741329915311119491636741E-9 -1.03890529909628912545522102707338056481785751541166944862249011273041610554530296534815064952365048948758507994E-24 1.40291759478039921619476724147200905936733197547904687823945205289939519266043556642136069200340886862384653441E-9 -1.42317841549355335919182849159268937608370050777477431470824803340592876628515465110249827935813004348290269375E-25 3.98120503919023654106178163134280894943166210416986125681668607211690124341043700934141578054498661174477193331E-13 9.61348623827822778841536452327899189875516535535933253698649004881838089857356232512828938428196966010295099949E-29 -1.17620142795086331980414799030984592241393145255464560268765425931520387366821154579462247231546543246132646771E-13 9.52215545825775759381522925834941808975451761252371555877645863703873196791317265483464847249768470648083202009E-29 -3.40671671162293039051733530906151943794774771760555285445351238587485793793923115252098070075247742617483172703E-17 6.16237055151891768334105513361290723414426424772374016069188752179181608455877733563561156932475500005532198559E-30 9.66388203381244428973988640446814856126483691837511147539605181947302394425743233424070612827352739371798768907E-18 -7.12276706427035735498629117176188106396219653562100301585232425880072793222444443538232518465316259078876786638E-32 2.70973728730511897769777871580733353201002703093528921538088959646860786182975843101434627024339016822024025096E-21 -2.95523381522504554584427604035375378799525874950310448187563853153221153320372507637215171861211071561673042821E-33 -7.58975444609330730466605390836636103382571147605626240567053760893511281675662541568590781176483572136970516982E-22 -3.63709830978936834315583156855152971394188179467190338857406621040412743106476728744816543193878792718507354892E-34 -2.01184737765669388071638338821885753728261008600220547580519682611555737858642397131381673989029549303546786391E-25 1.89630940355002883760922970002153955305491636014435135336632617146875833427033054357195023808440110980519405706E-36 5.60667316137179943809573641243132364540523207814167399732419551223271548784942115196553921083718823114616088819E-26 1.73486029273650633293045683295045564484599079263108958489881618096439557052532514307995752096303308818397102825E-37 1.36669120336205037518125440866446712954507000290616149607716117061609937010173346211971965401717014781201139352E-29 1.93706978577162730193225924048548086979315018398088829428720112849358463965765056119097572050228928832987789913E-38 -3.80522667182231086378233628928993616739924261474626454965216604500800739267089852493591847165232060800040696333E-30 6.07119054013902606565960419244926171726838430551038413071811734684704333422953059824805617874834046090047391103E-39 -8.07183802924376891998832541902791873130158467937631694615478175609757261121143008827848869364471053527646879293E-34 -8.42852588914656560692144682976135389484869632832741794865448519174589557410410752651669384941079738273035031811E-41 2.25875163514717445823883229553920273241644383293408352587113757921343686212689599044403746128931915994637510943E-34 -4.01160848859902292138383869372287927650287704257941324710460494804347661257088659226120152177294662964884882206E-41 3.52786495734023786427501017425305535669463813079730859288076666301610439487689255562658269265604863685310010263E-38 1.89252020099350881647287034432475909264373531758649596918174939406767227798471063710835216130820524474369515829E-42 -9.77673529943270823019875028316336172740944926608150060910243718001223078071400530540788761186860609346264152206E-39 -7.34524789457713341593787016730271659170325908117907759295717438336283744526066576156373663260560558304646589805E-42 2.71460236773758246406148593721005552165406018403040948004060811141548202669562743065746143049898748447884511747 -5.12860895606342860097823060460031129286988675183786039717922862521666022175712385326623723162363819455363114530E-25 0.360776702230658707706955363649790225042187264703441624532127373498470846624695907774316262944851976185458683997 -9.77587527234805327964752445115772091600570839140739179650301264169000561986766575899195282290527892384071357685E-25 0.000541509993052439934905668954878988770869849783747272247558066576450932101500740194775016524706018367949578837613 -6.46832066662517657264180744672170535974636132566626337258434188781003650858637450687866209709860665414455515853E-28 2.90767460957182553551373649936054117789965516515732166557419103212643928942566411224205139845820736216548030038E-7 -8.36520937820561831958440906630184520607149962057240234071007666656722989889331327471787548702417465405157852289E-27 1.20315041517538101253957204998113348605167550882123518602618878086482620754860101980526591227908686647520760179E-11 -9.56461073941845092256640517829338327744098430576973378046278356155104657186404220025525537553847976437318782488E-28 -9.50056149085806168194639787599236132223228084381151350307640543651354942993935755012840681939810102054453704081E-13 -1.21252706149813976397412614548584047293453558069135827353168492247788551081414296030788169515752187852293503249E-28 -9.05823408931688363709671416742300707347645688332051523183189024477880222016711716541694292975276167402298720908E-16 -4.01479435934047958934258044824461587684534807821557575752910691000462045532882440266470407877210495029912087679E-31 7.96618331240908585559412311147993384700778627771317435419005539796844620374296013689324531338463732687843481315E-17 8.46224430013868959157592461837435015403600099253323404328629515881500455028834966464368205599443224368682957920E-32 7.89827668756131095904484776172353648405369133524919669200524094290092764059619911621255366814956346070505982693E-20 5.50796353670276126231965178986246023944769103982628429127488551942945788742928451694630910729775970840293343390E-33 -6.53795878023270892726242192553829648511541019176040952506135596604069346859325742416090814099431459879020092588E-21 -4.13255933617757527073125498550805073441207824708389557811648277016922960435268466139333554244575455321304732287E-35 -6.83810922554209627684460844192722079413624380473870828724622948056905776856146851150339267149688328114887955861E-24 -2.91402457022269445358117684152448133483868716612964093683045638893275551148381696440683567878646372955065233099E-36 5.12697060897698182819615518734795602280196368507031141028165319177091848250890770860752511578186527083688427804E-25 -3.26365440431814669785189811346958566109268739229789770633371924108937769492277366121659611137026138418177393498E-37 5.70010245177852487129824692493975854376317907671576040719531718377628988595518965820286123516218447326685594304E-28 4.91858690088945022242169902508330963689686319856787646601881322326777037103711541783725232543089094277698278632E-40 -3.77989958382783046070318068932260575248331179900596062528296801656358704313333431780057279054351216555888548073E-29 1.61823474341004984333378523267892229419621949262712408433582672842299972195605782388964725908940597166628458584E-40 -4.51630021567883563040223684116372124899861882741937394002359344961033333707280086049889023939372481129844535792E-32 1.90295616796067581259503311732858629899834679708052186310635217611819523873305602894361230306089282957413160325E-41 2.55817157627660480870527821163754919468261398154572884582103591976150887562631446210531299844542179256801084744E-33 5.02359200086255450176277536117771271065338352744464188454920195290741557374215802412717517825329172079616647701E-42 3.35458652597221204939882587228838755536784127717037715036256666038613931189626191376545320819091815333917276317E-36 -9.41576855294535800927114768799672926039432720262917244439883491390879062660331896993175689833780672639438365243E-44 -1.51116628778773786276585811469650425619563835415446852203593662183984417322848116935282024013039046183892263073E-37 -2.83375817819157600031706380888562258436301916683529127159177647096737074105269048692477518067094797894268171243E-44 -2.27960385205901434470539978251610816782394763291326739805863105586019929080466968272120713079556711500272616921E-40 -1.60321581031784233862615576592752077135122424167390848984403753981919239851314083706726905409224596663868415843E-46 7.00018245773331946222271318588287370399922053720145462298059525009172979409250830463531525775245415077259724716E-42 -7.01624716880228838636293978749136840634845811488374738672479092575983392555716290731675005819573715290744426021E-45 1.46601424303567199435354539717448994437566643836616343460463579508033963935103007351034853735802038802289858895E-44 -1.68138425503384950553118572992930719694513310681628915442521846831871075043035260323115884997058986689114714045E-47 -0.121439204729077685199040817518161046476308429757160587336580167574992549624088505573924928628725769714359212587 -3.64178789320780035764191813430685506234391944833922577628575562559061278086069398642741704927408326034863495339E-25 0.0000828091675984236978436983897852192650655890898786898781499018142316799339105994721089249387865134741883379669167 1.39317168115406367828003732824957787787977867348549085073242317353530479454754545542960406533832949326533001406E-27 -4.19835198396309683765374154617955693056707941896426774840960756418784492701080789723512008487810020264708248203E-9 -2.17294181407801270037129336790319527166020413434593261085510942716672412699547470833294864977396348093649732526E-27 7.48334687091811681748030932879230831957268463195583804904376038347076214209487784211055804887367935795246994387E-14 -2.42676132888075072288227906189199264973289614443410127235188642619984314574905539582514392255544360519287101080E-28 3.23729070204530459310970978601804643522498003161911703289725515180003403022010036547319135097696642575122960467E-13 -3.33644288024134810761559433666156148353269807770459365837226706017423269367848456467021327411435490639327731799E-29 1.90556595091601889195536106053590420824688762323970074575824548262303568370425307222904278095314977197092003921E-17 3.00991698138002955327977531758768971945807051679024730066025649744245289481923003104917528656638654616435207228E-32 -2.71463322370185679240472489889862058229232949506368074917013069651617980611594434003583446239989681571367095314E-17 2.23331991296091372152199069044632174518003477516197780134367584479029628544352632246337426034659410394792749240E-32 -1.74791678325913635370818130843083059763211300565190471007773895146878542662889836276523111543359900553385831385E-21 1.44244352596082275398721213798911047932597569371512270830800375946049584519532190293456776517453455162167858718E-33 2.23045771127409527485208376384231353280458819165956693744553915189341540679389489935363294637317963653950709401E-21 -1.70726189148680922457625282430092474614036134005062285067811742573514131003105228346414381199200493959756957807E-35 1.21673858142599432226542363975211701278678012626233305865578231231718056976678433066230803722152138694185726723E-25 -6.88183649531149643455234839069142751942444394756910159696304783528041270950962918706660064448663343896610337062E-37 -1.75174350156725309824630983195909637652112287660572849769217015345052736133690244753879816598267508320719375136E-25 -8.53018543238355199671412725652829257343546759146280051468430203500023350324031605766726629243394764846423644946E-38 -6.73926899555619646165406573270292160726835515416737078366581211027727886276795039583029663020862173087698865086E-30 4.65670063395577411276430969483311253403112850951011287076396484014588021619525007338049040028860314369009281572E-40 1.29402789465915573308968097218026869645943115558556652389985679161990654029619888960746596231092230871099274591E-29 4.05396315985050769903149434837794398963601726356833234115573648980162796867800559018365494511707077016098803611E-41 2.09554655378607573352759441095800747131386861794774859069274986156096359179380727061032905406920947553587811673E-34 4.50535710644179656747558081607118987321852516574869095772001511796585568563590611863208853143353476171193380104E-42 -8.78233023646394036226347141810898220321801940838639741231719428321702488766680643774385338907752099188109244704E-34 1.42511913403493253959909725078892603131879751924836514665012664443609313284943167332352057205211102869885418306E-42 1.47603997314915948881268190288885058116011121662267554686070952855814979608601298889695052800294803323891538957E-38 -2.00025255501484076676481146898555133981062809688714611440658146908490654986063542111204437094138667796793616337E-44 5.21289272131631589326993733650674100696657993345501191604510898198452881358244326589639404780462275248572720238E-38 -9.41526197520163727299382828375785987107234168445660307494954896919993941683884798857141191672510993950041661405E-45 -3.91543623757232668042979785534107709208650071304464232868252866383246291695331859563171252664662802090942590082E-42 4.92285041315241683586352754482355377895914822347805287480794583917936143913812578059543426613828487703635463573E-46 -2.25457307795382719474165870051426342191393078673299106578214693661046590990985741294103398145878888547606681394E-42 -1.72783156293063556550516562457342906399020907164922024448293243093008141455672801325310475854293018931814420053E-45 5.34524913348147521161044731253697660199519221740198282931257709808587342033678652328068593698315538194154632238E-46 4.58071338792894187347812928711222285566916880674634225254098508118450055766628319411924282104405766010227400199E-49 -2.80203820329445187261979526143209503519199089478178549695944733931728060327740285405816397594735335835408206914E-49 -4.33345709462825692729807926099586891343930378367495191446500850393330569465629810932758468247689410090928765999E-51 -8.28771548659900159547440776659985748707666567531238178055963328431340620666465425888755195516594219445751456885E-9 5.83752837051951405363365040731201890470648360673556289912351088195916809031291909909684256132214211368558665151E-28 3.45605953526457927885916268305437060012275792408513876629664201340107535295459749089792319685481351325834829014E-8 -3.24538287979573679360874598948406021791114271189890517910248509187673153485642410917849361947276954462116115776E-27 1.29038549931010095805692396777449093216588413903205360301852151291174573833868284864994314965926087001279317551E-12 -3.41941213042298939868459407429060407889800569846879378122371855196096972976404386876944357241937455829088148155E-28 -2.66417237129234830262032737212754979333066123501181639056825531924231414062578302728401103247246779714384551416E-12 -4.17961263124466758358795727233217307807926512711561130222228824483307171724273678446455417305936593355201221919E-29 -1.66450167440807963023003966252875856290491147824222851180522588569847480388981333530103474404794478434107261602E-16 -1.58958647870618416113239484381863542219165721693174774781427067804034114357083290450625257785941660758868444837E-31 2.23343310655343724619497473055025770151617614202002113060757741535026025856053189702338803981848580730308047463E-16 3.41683429207932475148082219936474664287287293959552028176038072099152048707745155329392857070336857971846802647E-32 1.90142121996931532450569215270579605094138165877299731696197961264283053972131926168276586664950446487120260113E-20 1.99904227652621109366389762848631012072265237255953592963304706816133897425611843477097494373692349595864546327E-33 -1.83455655304279495761646398484004263840217165929240668635753545679068379539521255068994172703751003790293859966E-20 -1.84975864618112813395535694372433916329232066312087736868868384680677652983726551156315382221997143234169758120E-35 -1.98818166667458138695196204636794656412105712617621440732775931382740758229302503455360883736068605546873682380E-24 -1.15011047507820230258097321232218000839367546732628166573499107327546177192419271663163011873035269828549766180E-36 1.44034984000131748546885435194464447631156262584322016718499190559148256806043581933733819896700062458191641473E-24 -1.29379401073627784444420445182494068864291220617785285502027099506609796434522824718570189886619345701949274438E-37 1.93459502000147270864076433094243233588296582710245437474261293402730129305765347296349991391598951363345126710E-28 3.91001080415832377492280507524022794373207784093150103104096080826089546843960231470715369253970198657096649140E-40 -1.06358405932197245885749875804247467707641867499815235511677953686777682632939854745208122522697891239036260999E-28 6.34397609031316950961848897260528375776765872238065259940501696811291908301409645073863302280636747375365793771E-41 -1.76414014676639019321425541893675411884493811895368409702891517312868274150313147002152131455654022650240415293E-32 6.85449815724596654514091797837998842155616022207645865410672707637061527619001251724152175847681118837693497426E-42 7.21452561562293754860198300950950573702173702468516128334055949660726689349478049208617830625564408957337697060E-33 1.70387049796962155970072288501595058800480676493908096166917899881720474501265066584122280493374904125111458102E-42 1.50792025457922955972086945052773176060987384465938185311706284912116230284036517273026643778984245863945724279E-36 -6.93669914645008933000123441648080868816809345638425970013131596451821946762002938092357417518538717951446043738E-44 -4.27856564549243498252972902088686712396462844825245090999725601789952473673224537009294914791541302943524183040E-37 -4.66781118930806556855742338890074205340492339491224241469989835160987179619270795212796847214686427966859917692E-45 -1.20001833142821824093452047901700606130563600220166663316390307022090701349376494070619527224456201939270183982E-40 1.28800675016836831510557388757757250434089533021789710984855100464292192958528775503965927604050890757533034806E-45 1.92666717861430534668463301844989649428295430131923860297899895257712435367084386080473246280234539919736838621E-41 -3.49187987680045306236348345408933442122306983379606172110882301716020380235427280329795779213595467038883850796E-45 8.94031698852668499921812846081511938051963000286259494345705117929068453826227145335742900328140889554780722343E-45 9.24293185456452683028141924740565016944037163269584660764146396879133392185363786112939286668964480611921120452E-48 -1.04326352930191692146336514322442587120629609347147190333612797964398581274747911090620871023022752597945667309E-46 -2.52750285244180373683973892272673105750879967173328522343413937151412756230198456056110825267314254637442362230E-48 -1.61607673596718067985797544230693693956365290679446920194654337458772036657715227957541279334594803702734771773E-49 3.74619855257583383479396711346235318406858075874233919555696957971620719532210967216037686015239105781816490582E-51 1.00062418530382108020090751756656515929595813681862174922914243521470894497939232157056641122311548747347944403 -3.74654834769164587603868066369935726203214353810747038178420435175402793336655776450982430203388739204398216561E-28
D 0
excl 1 168
drow 1
modes 1
tangent 1
chord 1
vpar 1
gauto 1
mu0 0
ppmax 21
gmask 6 1 1 1 2 2 2 3 3 3 4 4 4
