prec 374
threads 8
mode solve
iters 20
h 0.1000000000e-43
dtol 1e-22
gtol 1e-22
g 0.1000000000000000000000000000000000000000000000000000000000000000000000000000000000000000000000000000000000000000000e0 0
dims 21 25 300 27
lamL 0.15000000e1 0.50000000e0 -0.50000000e0 -0.15000000e1
lamU 0.15000000e1 0.50000000e0 -0.50000000e0 -0.15000000e1
th 0.1125000000000000000000000000000000000000000000000000000000000000000000000000000000000000000000000000000000000000000e0 0 -0.2375000000000000000000000000000000000000000000000000000000000000000000000000000000000000000000000000000000000000000e0 0 0.1375000000000000000000000000000000000000000000000000000000000000000000000000000000000000000000000000000000000000000e0 0 -0.1250000000000000000000000000000000000000000000000000000000000000000000000000000000000000000000000000000000000000000e-1 0
c0 0 -0.14699037787330031137654349940592457848925119835509992330017127072532768757930230784585568989278419261955869961e0 0 -0.10813617974470389735146472305628974441145581633309382622228007050197235853507561333878375910434449307866301401e0 0 0.25512074928594380471811102227048389253954740870165307994645175879674255773225965367967266061925328864070119562e0 0 0.58083320604040098972001917304303611596059865406695759995824305574883821182675049667883778753970575205180124419e-5
d0 0.1000000000000000000000000000000000000000000000000000000000000000000000000000000000000000000000000000000000000000000e1 0 0.1000000000000000000000000000000000000000000000000000000000000000000000000000000000000000000000000000000000000000000e1 0 0.1000000000000000000000000000000000000000000000000000000000000000000000000000000000000000000000000000000000000000000e1 0 0.1000000000000000000000000000000000000000000000000000000000000000000000000000000000000000000000000000000000000000000e1 0
fix 0
shift 4 4 4 4
band 4
extra 6 1 5 1 2 5 1 3 5 1 4 5 1 2 6 1 4 6 1
pair 2 1 4 3
n 169
scale 0.10000000000000000000000000000000000000000000000000000000000000000000000000000000000000000000000000000000000000e-1 0 0.10000000000000000000000000000000000000000000000000000000000000000000000000000000000000000000000000000000000000e-3 0 0.10000000000000000000000000000000000000000000000000000000000000000000000000000000000000000000000000000000000000e-5 0 0.10000000000000000000000000000000000000000000000000000000000000000000000000000000000000000000000000000000000000e-7 0 0.10000000000000000000000000000000000000000000000000000000000000000000000000000000000000000000000000000000000000e-9 0 0.10000000000000000000000000000000000000000000000000000000000000000000000000000000000000000000000000000000000000e-11 0 0.10000000000000000000000000000000000000000000000000000000000000000000000000000000000000000000000000000000000000e-13 0 0.10000000000000000000000000000000000000000000000000000000000000000000000000000000000000000000000000000000000000e-15 0 0.10000000000000000000000000000000000000000000000000000000000000000000000000000000000000000000000000000000000000e-17 0 0.10000000000000000000000000000000000000000000000000000000000000000000000000000000000000000000000000000000000000e-19 0 0.10000000000000000000000000000000000000000000000000000000000000000000000000000000000000000000000000000000000000e-21 0 0.10000000000000000000000000000000000000000000000000000000000000000000000000000000000000000000000000000000000000e-23 0 0.10000000000000000000000000000000000000000000000000000000000000000000000000000000000000000000000000000000000000e-25 0 0.10000000000000000000000000000000000000000000000000000000000000000000000000000000000000000000000000000000000000e-27 0 0.10000000000000000000000000000000000000000000000000000000000000000000000000000000000000000000000000000000000000e-29 0 0.10000000000000000000000000000000000000000000000000000000000000000000000000000000000000000000000000000000000000e-31 0 0.10000000000000000000000000000000000000000000000000000000000000000000000000000000000000000000000000000000000000e-33 0 0.10000000000000000000000000000000000000000000000000000000000000000000000000000000000000000000000000000000000000e-35 0 0.10000000000000000000000000000000000000000000000000000000000000000000000000000000000000000000000000000000000000e-37 0 0.10000000000000000000000000000000000000000000000000000000000000000000000000000000000000000000000000000000000000e-39 0 0.10000000000000000000000000000000000000000000000000000000000000000000000000000000000000000000000000000000000000e-41 0 0.10000000000000000000000000000000000000000000000000000000000000000000000000000000000000000000000000000000000000e1 0 0.10000000000000000000000000000000000000000000000000000000000000000000000000000000000000000000000000000000000000e-1 0 0.10000000000000000000000000000000000000000000000000000000000000000000000000000000000000000000000000000000000000e-3 0 0.10000000000000000000000000000000000000000000000000000000000000000000000000000000000000000000000000000000000000e-5 0 0.10000000000000000000000000000000000000000000000000000000000000000000000000000000000000000000000000000000000000e-7 0 0.10000000000000000000000000000000000000000000000000000000000000000000000000000000000000000000000000000000000000e-9 0 0.10000000000000000000000000000000000000000000000000000000000000000000000000000000000000000000000000000000000000e-11 0 0.10000000000000000000000000000000000000000000000000000000000000000000000000000000000000000000000000000000000000e-13 0 0.10000000000000000000000000000000000000000000000000000000000000000000000000000000000000000000000000000000000000e-15 0 0.10000000000000000000000000000000000000000000000000000000000000000000000000000000000000000000000000000000000000e-17 0 0.10000000000000000000000000000000000000000000000000000000000000000000000000000000000000000000000000000000000000e-19 0 0.10000000000000000000000000000000000000000000000000000000000000000000000000000000000000000000000000000000000000e-21 0 0.10000000000000000000000000000000000000000000000000000000000000000000000000000000000000000000000000000000000000e-23 0 0.10000000000000000000000000000000000000000000000000000000000000000000000000000000000000000000000000000000000000e-25 0 0.10000000000000000000000000000000000000000000000000000000000000000000000000000000000000000000000000000000000000e-27 0 0.10000000000000000000000000000000000000000000000000000000000000000000000000000000000000000000000000000000000000e-29 0 0.10000000000000000000000000000000000000000000000000000000000000000000000000000000000000000000000000000000000000e-31 0 0.10000000000000000000000000000000000000000000000000000000000000000000000000000000000000000000000000000000000000e-33 0 0.10000000000000000000000000000000000000000000000000000000000000000000000000000000000000000000000000000000000000e-35 0 0.10000000000000000000000000000000000000000000000000000000000000000000000000000000000000000000000000000000000000e-37 0 0.10000000000000000000000000000000000000000000000000000000000000000000000000000000000000000000000000000000000000e-39 0 0.10000000000000000000000000000000000000000000000000000000000000000000000000000000000000000000000000000000000000e1 0 0.10000000000000000000000000000000000000000000000000000000000000000000000000000000000000000000000000000000000000e1 0 0.10000000000000000000000000000000000000000000000000000000000000000000000000000000000000000000000000000000000000e-1 0 0.10000000000000000000000000000000000000000000000000000000000000000000000000000000000000000000000000000000000000e-3 0 0.10000000000000000000000000000000000000000000000000000000000000000000000000000000000000000000000000000000000000e-5 0 0.10000000000000000000000000000000000000000000000000000000000000000000000000000000000000000000000000000000000000e-7 0 0.10000000000000000000000000000000000000000000000000000000000000000000000000000000000000000000000000000000000000e-9 0 0.10000000000000000000000000000000000000000000000000000000000000000000000000000000000000000000000000000000000000e-11 0 0.10000000000000000000000000000000000000000000000000000000000000000000000000000000000000000000000000000000000000e-13 0 0.10000000000000000000000000000000000000000000000000000000000000000000000000000000000000000000000000000000000000e-15 0 0.10000000000000000000000000000000000000000000000000000000000000000000000000000000000000000000000000000000000000e-17 0 0.10000000000000000000000000000000000000000000000000000000000000000000000000000000000000000000000000000000000000e-19 0 0.10000000000000000000000000000000000000000000000000000000000000000000000000000000000000000000000000000000000000e-21 0 0.10000000000000000000000000000000000000000000000000000000000000000000000000000000000000000000000000000000000000e-23 0 0.10000000000000000000000000000000000000000000000000000000000000000000000000000000000000000000000000000000000000e-25 0 0.10000000000000000000000000000000000000000000000000000000000000000000000000000000000000000000000000000000000000e-27 0 0.10000000000000000000000000000000000000000000000000000000000000000000000000000000000000000000000000000000000000e-29 0 0.10000000000000000000000000000000000000000000000000000000000000000000000000000000000000000000000000000000000000e-31 0 0.10000000000000000000000000000000000000000000000000000000000000000000000000000000000000000000000000000000000000e-33 0 0.10000000000000000000000000000000000000000000000000000000000000000000000000000000000000000000000000000000000000e-35 0 0.10000000000000000000000000000000000000000000000000000000000000000000000000000000000000000000000000000000000000e-37 0 0.10000000000000000000000000000000000000000000000000000000000000000000000000000000000000000000000000000000000000e1 0 0.10000000000000000000000000000000000000000000000000000000000000000000000000000000000000000000000000000000000000e1 0 0.10000000000000000000000000000000000000000000000000000000000000000000000000000000000000000000000000000000000000e1 0 0.10000000000000000000000000000000000000000000000000000000000000000000000000000000000000000000000000000000000000e-1 0 0.10000000000000000000000000000000000000000000000000000000000000000000000000000000000000000000000000000000000000e-3 0 0.10000000000000000000000000000000000000000000000000000000000000000000000000000000000000000000000000000000000000e-5 0 0.10000000000000000000000000000000000000000000000000000000000000000000000000000000000000000000000000000000000000e-7 0 0.10000000000000000000000000000000000000000000000000000000000000000000000000000000000000000000000000000000000000e-9 0 0.10000000000000000000000000000000000000000000000000000000000000000000000000000000000000000000000000000000000000e-11 0 0.10000000000000000000000000000000000000000000000000000000000000000000000000000000000000000000000000000000000000e-13 0 0.10000000000000000000000000000000000000000000000000000000000000000000000000000000000000000000000000000000000000e-15 0 0.10000000000000000000000000000000000000000000000000000000000000000000000000000000000000000000000000000000000000e-17 0 0.10000000000000000000000000000000000000000000000000000000000000000000000000000000000000000000000000000000000000e-19 0 0.10000000000000000000000000000000000000000000000000000000000000000000000000000000000000000000000000000000000000e-21 0 0.10000000000000000000000000000000000000000000000000000000000000000000000000000000000000000000000000000000000000e-23 0 0.10000000000000000000000000000000000000000000000000000000000000000000000000000000000000000000000000000000000000e-25 0 0.10000000000000000000000000000000000000000000000000000000000000000000000000000000000000000000000000000000000000e-27 0 0.10000000000000000000000000000000000000000000000000000000000000000000000000000000000000000000000000000000000000e-29 0 0.10000000000000000000000000000000000000000000000000000000000000000000000000000000000000000000000000000000000000e-31 0 0.10000000000000000000000000000000000000000000000000000000000000000000000000000000000000000000000000000000000000e-33 0 0.10000000000000000000000000000000000000000000000000000000000000000000000000000000000000000000000000000000000000e-35 0 0.10000000000000000000000000000000000000000000000000000000000000000000000000000000000000000000000000000000000000e1 0 0.10000000000000000000000000000000000000000000000000000000000000000000000000000000000000000000000000000000000000e1 0 0.10000000000000000000000000000000000000000000000000000000000000000000000000000000000000000000000000000000000000e1 0 0.10000000000000000000000000000000000000000000000000000000000000000000000000000000000000000000000000000000000000e-1 0 0.10000000000000000000000000000000000000000000000000000000000000000000000000000000000000000000000000000000000000e-3 0 0.10000000000000000000000000000000000000000000000000000000000000000000000000000000000000000000000000000000000000e-5 0 0.10000000000000000000000000000000000000000000000000000000000000000000000000000000000000000000000000000000000000e-7 0 0.10000000000000000000000000000000000000000000000000000000000000000000000000000000000000000000000000000000000000e-9 0 0.10000000000000000000000000000000000000000000000000000000000000000000000000000000000000000000000000000000000000e-11 0 0.10000000000000000000000000000000000000000000000000000000000000000000000000000000000000000000000000000000000000e-13 0 0.10000000000000000000000000000000000000000000000000000000000000000000000000000000000000000000000000000000000000e-15 0 0.10000000000000000000000000000000000000000000000000000000000000000000000000000000000000000000000000000000000000e-17 0 0.10000000000000000000000000000000000000000000000000000000000000000000000000000000000000000000000000000000000000e-19 0 0.10000000000000000000000000000000000000000000000000000000000000000000000000000000000000000000000000000000000000e-21 0 0.10000000000000000000000000000000000000000000000000000000000000000000000000000000000000000000000000000000000000e-23 0 0.10000000000000000000000000000000000000000000000000000000000000000000000000000000000000000000000000000000000000e-25 0 0.10000000000000000000000000000000000000000000000000000000000000000000000000000000000000000000000000000000000000e-27 0 0.10000000000000000000000000000000000000000000000000000000000000000000000000000000000000000000000000000000000000e-29 0 0.10000000000000000000000000000000000000000000000000000000000000000000000000000000000000000000000000000000000000e-31 0 0.10000000000000000000000000000000000000000000000000000000000000000000000000000000000000000000000000000000000000e-33 0 0.10000000000000000000000000000000000000000000000000000000000000000000000000000000000000000000000000000000000000e-35 0 0.10000000000000000000000000000000000000000000000000000000000000000000000000000000000000000000000000000000000000e1 0 0.10000000000000000000000000000000000000000000000000000000000000000000000000000000000000000000000000000000000000e1 0 0.10000000000000000000000000000000000000000000000000000000000000000000000000000000000000000000000000000000000000e-1 0 0.10000000000000000000000000000000000000000000000000000000000000000000000000000000000000000000000000000000000000e-3 0 0.10000000000000000000000000000000000000000000000000000000000000000000000000000000000000000000000000000000000000e-5 0 0.10000000000000000000000000000000000000000000000000000000000000000000000000000000000000000000000000000000000000e-7 0 0.10000000000000000000000000000000000000000000000000000000000000000000000000000000000000000000000000000000000000e-9 0 0.10000000000000000000000000000000000000000000000000000000000000000000000000000000000000000000000000000000000000e-11 0 0.10000000000000000000000000000000000000000000000000000000000000000000000000000000000000000000000000000000000000e-13 0 0.10000000000000000000000000000000000000000000000000000000000000000000000000000000000000000000000000000000000000e-15 0 0.10000000000000000000000000000000000000000000000000000000000000000000000000000000000000000000000000000000000000e-17 0 0.10000000000000000000000000000000000000000000000000000000000000000000000000000000000000000000000000000000000000e-19 0 0.10000000000000000000000000000000000000000000000000000000000000000000000000000000000000000000000000000000000000e-21 0 0.10000000000000000000000000000000000000000000000000000000000000000000000000000000000000000000000000000000000000e-23 0 0.10000000000000000000000000000000000000000000000000000000000000000000000000000000000000000000000000000000000000e-25 0 0.10000000000000000000000000000000000000000000000000000000000000000000000000000000000000000000000000000000000000e-27 0 0.10000000000000000000000000000000000000000000000000000000000000000000000000000000000000000000000000000000000000e-29 0 0.10000000000000000000000000000000000000000000000000000000000000000000000000000000000000000000000000000000000000e-31 0 0.10000000000000000000000000000000000000000000000000000000000000000000000000000000000000000000000000000000000000e-33 0 0.10000000000000000000000000000000000000000000000000000000000000000000000000000000000000000000000000000000000000e-35 0 0.10000000000000000000000000000000000000000000000000000000000000000000000000000000000000000000000000000000000000e-37 0 0.10000000000000000000000000000000000000000000000000000000000000000000000000000000000000000000000000000000000000e1 0 0.10000000000000000000000000000000000000000000000000000000000000000000000000000000000000000000000000000000000000e-1 0 0.10000000000000000000000000000000000000000000000000000000000000000000000000000000000000000000000000000000000000e-3 0 0.10000000000000000000000000000000000000000000000000000000000000000000000000000000000000000000000000000000000000e-5 0 0.10000000000000000000000000000000000000000000000000000000000000000000000000000000000000000000000000000000000000e-7 0 0.10000000000000000000000000000000000000000000000000000000000000000000000000000000000000000000000000000000000000e-9 0 0.10000000000000000000000000000000000000000000000000000000000000000000000000000000000000000000000000000000000000e-11 0 0.10000000000000000000000000000000000000000000000000000000000000000000000000000000000000000000000000000000000000e-13 0 0.10000000000000000000000000000000000000000000000000000000000000000000000000000000000000000000000000000000000000e-15 0 0.10000000000000000000000000000000000000000000000000000000000000000000000000000000000000000000000000000000000000e-17 0 0.10000000000000000000000000000000000000000000000000000000000000000000000000000000000000000000000000000000000000e-19 0 0.10000000000000000000000000000000000000000000000000000000000000000000000000000000000000000000000000000000000000e-21 0 0.10000000000000000000000000000000000000000000000000000000000000000000000000000000000000000000000000000000000000e-23 0 0.10000000000000000000000000000000000000000000000000000000000000000000000000000000000000000000000000000000000000e-25 0 0.10000000000000000000000000000000000000000000000000000000000000000000000000000000000000000000000000000000000000e-27 0 0.10000000000000000000000000000000000000000000000000000000000000000000000000000000000000000000000000000000000000e-29 0 0.10000000000000000000000000000000000000000000000000000000000000000000000000000000000000000000000000000000000000e-31 0 0.10000000000000000000000000000000000000000000000000000000000000000000000000000000000000000000000000000000000000e-33 0 0.10000000000000000000000000000000000000000000000000000000000000000000000000000000000000000000000000000000000000e-35 0 0.10000000000000000000000000000000000000000000000000000000000000000000000000000000000000000000000000000000000000e-37 0 0.10000000000000000000000000000000000000000000000000000000000000000000000000000000000000000000000000000000000000e-39 0 0.10000000000000000000000000000000000000000000000000000000000000000000000000000000000000000000000000000000000000e-1 0 0.10000000000000000000000000000000000000000000000000000000000000000000000000000000000000000000000000000000000000e-3 0 0.10000000000000000000000000000000000000000000000000000000000000000000000000000000000000000000000000000000000000e-5 0 0.10000000000000000000000000000000000000000000000000000000000000000000000000000000000000000000000000000000000000e-7 0 0.10000000000000000000000000000000000000000000000000000000000000000000000000000000000000000000000000000000000000e-9 0 0.10000000000000000000000000000000000000000000000000000000000000000000000000000000000000000000000000000000000000e-11 0 0.10000000000000000000000000000000000000000000000000000000000000000000000000000000000000000000000000000000000000e-13 0 0.10000000000000000000000000000000000000000000000000000000000000000000000000000000000000000000000000000000000000e-15 0 0.10000000000000000000000000000000000000000000000000000000000000000000000000000000000000000000000000000000000000e-17 0 0.10000000000000000000000000000000000000000000000000000000000000000000000000000000000000000000000000000000000000e-19 0 0.10000000000000000000000000000000000000000000000000000000000000000000000000000000000000000000000000000000000000e-21 0 0.10000000000000000000000000000000000000000000000000000000000000000000000000000000000000000000000000000000000000e-23 0 0.10000000000000000000000000000000000000000000000000000000000000000000000000000000000000000000000000000000000000e-25 0 0.10000000000000000000000000000000000000000000000000000000000000000000000000000000000000000000000000000000000000e-27 0 0.10000000000000000000000000000000000000000000000000000000000000000000000000000000000000000000000000000000000000e-29 0 0.10000000000000000000000000000000000000000000000000000000000000000000000000000000000000000000000000000000000000e-31 0 0.10000000000000000000000000000000000000000000000000000000000000000000000000000000000000000000000000000000000000e-33 0 0.10000000000000000000000000000000000000000000000000000000000000000000000000000000000000000000000000000000000000e-35 0 0.10000000000000000000000000000000000000000000000000000000000000000000000000000000000000000000000000000000000000e-37 0 0.10000000000000000000000000000000000000000000000000000000000000000000000000000000000000000000000000000000000000e-39 0 0.10000000000000000000000000000000000000000000000000000000000000000000000000000000000000000000000000000000000000e-41 0 0.10000000000000000000000000000000000000000000000000000000000000000000000000000000000000000000000000000000000000e1 0
z 0.960347926960388379800324569244194758121250756917008530806081755978235307149084592021530052751961366306784172568e-29 0.128082014893438664985406843492444125183048469225149664496107695005260347035658919802553112299439545177645129760e-7 -0.847055318929783411677087426161843058953294669203968501004559688598326824277248304644916163097136361075286358400e-31 -0.163411041522326814219160676161629445711356448554826890450052727472940634947559984186788967618170030847657792298e-7 0.273662921448237474019955990937812825479543226907244650202923982346213626353045659752390139657293670512158765812e-34 -0.158019688159239971221643480705961305414537154160024111941227517677263793266405054157816859244416519767748251567e-11 0.524011419851206919314667438479850214533205915120668805143609230396231174245438652041910743108634705506211058879e-33 0.935304660785079598689764733520932887970358042853705636896206421659904958074778040691586613009273861788908864563e-12 0.180536597886942384399286057939183658228100138499510830751824308275370941592379653091188061502804367183484391415e-33 0.150417578095791469382615564991108058798461480043522198457083549036643172374627136538120161176157567420594760939e-15 0.289834914234914486954935072422347169820302132030381821026543977805420898637626565383066082363113826288194764736e-34 -0.515727435157866594793104413489466647246921746914853316392079457004859032734664181892216360955996733348967769963e-16 0.728385122672291997817291284957227827086035948394093670324226764900351672375519108835984557156090712033059418933e-35 -0.115608671867582440307055223674248178253638137121574309126767047558062100337628052908217801476496097576426572551e-19 0.837688451314068140676614395157469459535441204696122674600469018547868119720574385552143678271259577076114038922e-37 0.223339305856082865616250403628272707119806044262525352106056709734757758096947147200458202732710377140567524257e-20 -0.913692860146290588660319536649857185925826431257384381653673325331275056051917052645709795620893401765671216862e-39 0.708078788065060374404997453878734162804042376648138143814954878800123389226080203026655123639249312757725934490e-24 -0.848185221493144661052539327825374893491518025766993904259832472744898628866255031847680639456044224477893426190e-41 -0.449693772278786322281819245413004385833374790183497480149689556596323502933251837128663179809956069918348652542e-25 0.241934586114937364381266491419968005286364769141106036021285832941076698131751114920137312891161582447367369418e-42 -0.307356517949827362238710658655765391926016233926388484577615162131733439676450419836069988129007556335660763886e-28 0.248404171928148134891772460370790368186216093760774700157192697994633207915214455691792326114846847246114852721e-44 -0.382749110556671309621543384250074923356567366681077659733336066044161275200192135787053289792653151529993600437e-29 -0.131005813229490276612300646039034392615268001055528247387362312676253279183644669310368259578470451161789156374e-46 0.344611492870246999478732132037637958970911594165175359794722254435805256635328279302504033972429735325910550555e-33 -0.588251070353577857971867559191367880838829465139392176666036504819173929812186116274110465768960949073088107247e-49 0.565019179169093677956532732569095363195849436587214651125755385545315225140154705508605842475712384549422899961e-33 0.405833545376516000550668924647659954718728061535348816285679305354243153163222906793113528698164193479684150771e-50 0.974140257323683281432011006383522876709893217996960723969997264519292538813811924616595509168191677321569146943e-37 0.498636960360440368616174745272684636010865232268541505718123388380876395958383445466348135054643241008605949399e-52 -0.412374612626100478808085038585953249183411175046643385696412451567739945915472948025456271334078682978305056733e-37 0.101630833135581649280069156212464261474768104812357635962508162876929812847813310043295303273359091396216368392e-53 -0.120352516104003839370291911900356096078525329509724623131844335778645468545126382692359953985002987715320623679e-40 -0.806986325258883975027870564470655566626104594996341798391833999346751216791181024806316666156816709541559302215e-54 0.171058049228091169226605402287115641520597346756730824381452272580243190795099525050956170302761818031554365492e-41 -0.291206080835118869581107307072550327961471712237099357561808008488140176573481920151129441695517745802725577552e-55 0.837259033011181764644037194104815381236123638042027376850929738137433329413298654170290935449301967834078702726e-45 0.342840393428957773355066765887912412007029741375047504177475526894203816929506000853963474999330918039468286962e-55 0.164465792277278249080565135763921792446185197839284924347237162808684663673558085844879502549821895216256745761e-46 -0.317725773246954314085910111003591923735610220193024645376844947462515451609863232886529761317562197403120514514e-56 -0.318507348217285554249634068128421969843567525642965935237986147666800708740225439960520101952370033233326615786e-49 -0.350199506025080392599004834250090772480134269324122815241974849564576166533172671089433716313407376160927703858e-29 0.263939358175808120570838048004373485319275976187106830679302396911659397771057834484375884707439307803034462777e0 -0.144085925236938662074970416407283543347161465152223058772342103879588618212309822176026262262138912451027633567e-28 -0.243596519379334452228324948749066902226840143884814267737562373086845917171197102901041250204818055620726249893e-3 -0.682172644704056879654536712031721071104487239059041852890458283357142027468065122630941623790821442089901581181e-30 0.293549191952941558789418314544370736781836360963403997353856716727156305527741633346797528908932089240105282875e-7 -0.802088746099734335621983743644805207839663922888276794646082434628809761752112009951756452248791914168528310033e-31 -0.204946377901894437663649617275779158321723832154160762033800176986744236597840108793227665387171986680176653375e-10 -0.128002760803012091416582153725582893576150591817095836963355337563598503442010608002360417440052544545151915492e-33 -0.168125489198601967399235472218785497868817609513549992364236038214325981717381136091253930465128525626294759534e-11 0.337652035363947094959390989935777462043137659729293343476509930023849844257537137357249463999408166183788449647e-34 0.100975161898504629291627547055282401572534618546638320646023579294120805918155980625594429673265863337371432454e-14 0.131734180929313486510967805996821338898788073672061913615231531577357872695103186127666305404735034019691906547e-36 0.927881666211494009595636703007324699313391303745075050991396110861679528320898092452740597788378289409117555969e-16 -0.422717548078940602865057729590258669138323497833614004620610188145239194629748081685373257188512571514463097560e-38 -0.465834719937023912543630766977856323572085533626064394717779970525725214050335398071972303882947697408151307413e-19 -0.326819932553695817942667947968977970716086955526898347589372994902702343378059411028449727316820195313140010937e-40 -0.402490763107932807425740724676851920368738729090879057512311272982956464319266148653523454522081840336715688366e-20 0.483912847305619089364631391002617096361603810663687967677332025473945778536330584487968787878174667468971615661e-42 0.135021234974059191039630333785148829634154875648823836721716157851104703723279536897912494439235020546969401047e-23 0.700701442390534436551263165579131657833190393500915081929566746289832512080841600433069559695555290926009106476e-44 0.816626764066622907037041321160167374883320669647562431958812959179946108323436279666097109821997573682729254987e-25 -0.543593091351181804109677312165310444314097077320301458365789788442271146200012913399541060137498223338303141937e-46 0.340701325974134994574992643397638724030944501335106229929210550915416228767677355340685813120875905704766412024e-28 -0.141101241158593517361633883318040155999921183551311702558124076604481156160442316713160612761498991059672711055e-47 0.683210400887761303071243471972770523896060953729703127737837244389437222105451559218357526563933051001403673148e-29 0.789265180248665978927689664734036416593553306336417857031694982236503307500438115397709695594023994425267905468e-50 -0.875742606717937116873696392260524601610058680976976508511515252665378221934755541594167546055562726530684370053e-32 0.414326651311536728954640978974597972733790087506654908164599120569080501282349509715014544480724320735257724073e-51 -0.101405293541730452839262879088074968514156237583607473842707964682659419581921722532152811370762029575897853471e-32 0.357199095490820498360197142864010606473075007201776338981188521811185573138603589298616285940188792063426031098e-52 0.750991201945872125915015894150085566395516239096488373971346943952403618285791431211757335155899837815399290510e-36 -0.153851933384724000552758934628231753635547842861778877081521280653514484905720249876213292564772155892787330825e-52 0.741718987530064375191472346018930444313022622474715205796624713837378881965858683402175601386599733986787647784e-37 -0.301849189632799770094481183944137438371507843970507981092046026289240951373771012171200989272222106317576069498e-53 -0.386499195645801473494651555183461156136636654927810389487151704846772261417706274766615342163626558114202905031e-40 0.140793316218860194547499241245509109522432032091768007030056976748378959484892132928636883815189810089328663465e-53 -0.308736370698659411823228272309964825891738284018299984783282465815437268710797431806624574846367603403563077489e-41 0.118338310482225211159045904615265183177749470950704686229045242544466034743223603278441044705330566568430886770e-54 0.531199598404482468743609166887807628523110799816224322409398085473114922566249934026096270504537415650328893269e-45 -0.688084838087428294341824005847627106628816576672492374563447487119273977656580059123791195407447957427767656710e-55 -0.284182321807345177208456350542762077332588551655701813324592618946314050633129187951855110552634973205972095833e-46 0.719988464481217112815008497510449032067151400104914537868770188414085910700123058022357032783836109617417716776e-28 0.157094694166558025526172348106536409231488076955612346022482553418433488656748879647937207930933634993401053192e2 0.101541489949418133864651732320525824713502404434853447805127781204124020047836492414763315373695410143451205523e-27 0.626657010518992002627944884674494077103023788817672486427030186630889583090984648099360274165463177985965067833e3 -0.409109435896089063750810871179782100798521168254800757299883840292112300852646276114427410655857625994553210210e-25 0.154796279482772388909990825510504108339413170336384821207676034181291470327246028109366947485835249194153691987e0 0.353288440844747315926738074750790230490027420863107095931998506512925007567328156356636856273814685049337651907e-27 0.867407023277369579693084772084990755857043355457726151226421394107833663872366628902016903568785906886220986106e-4 0.522719870522395513000579621464517889298143206190818115111313113835387091373878587608955820054126733671991701333e-29 0.235470621113410768636335390190925619685328099840641269839627314019313928112261888006233016068861393294492211643e-7 -0.288635505912437231158307883250819444415782080565044315528532639709087075280537612067367611179100708364307428185e-30 -0.398394853356260176014812609884836487186270386881782183004154919210334800792788426287950269362432701066766092219e-8 -0.197039037675352770624292654413606069704283473332331670788712205389802103147986818911467245349139619016976519598e-32 -0.160400461509055156244722218572986254885537588656675278722290618240851351018414839994699075192656059019291573523e-11 0.125966051411078201091214111869141405456893152445242326893498087322423617325694157184440273215157072812713274354e-33 0.219606525469807806234906477952093693966355518580177978155109308134599042629536188754912789167793924001797066629e-12 0.462521085882370447935101789705802266393991877494055246883338468810555026665472817371249577788556283224951513025e-36 0.102612486525921838314526646111848947453564639591364537640942952967077646352587661351436842561583851459591590227e-15 -0.420346580028744914617785434535630617742164925455331246347732725311486009161835713138574469100406004513676447281e-37 -0.950376387917162407574213382391618771595224355141509788118303336510327295765826884859510696276474780636973920836e-17 -0.835880216266678770805221726631595517625994017771260311108234400917214541496615811173753032598749139554528040653e-40 -0.534837095192452904241150213221568781074082751918989572241264752465120533572259091304702433824221893240658821373e-20 0.116975176412482461808821213506077980803057425816599461103536672722405887959849033015057132216166523096056065145e-40 0.190733202688453737021060070305942515038379959242695438067588891624447216670448443328565166189339352967294455450e-21 0.158033172512748865029004412898615362541534305025285267709030518691751091462778429726557031416598104890902285801e-43 0.179788510714230927825542975206519147138690666902617643122307389805114280338941033807387894153973480908379397810e-24 -0.293595828583815864775478213828320223698294629544956317534578142259067689728798362788726453387980931832631208108e-44 0.163543401009350020900761297441508134799334152989751036928697754002820174195828259433536101897145040134634076144e-25 -0.465765919116923902822367161298589523196401425190021406870094495812079347240674004379925076523715162800889357759e-47 0.233405281292751365547592397222679200623218177602225461061859440691039456796485753861014169880594443987081377029e-29 0.999433875535079093774007987052092377579443221793305806586789234142780791304877027603351650228298624620979782827e-48 -0.240874241740988545263911118909704759284770938518101584368588917458710394626682835311691015987005211517630894305e-29 0.458142591027990807569226175893041370473805307628150676636633106945081736576839833479668851616967235285184188826e-49 -0.993217231379649271509059833890386342967660315311240146507350055067122068423864059401851703463127996914566624798e-33 -0.411410377626216611653902993810188291619985935362810871725868677339041744809897978661170581158136472506001672544e-49 0.175641356929938795845270204786171944534680274209446499593573388633316841068011750710380030104713530299371575684e-33 -0.337097012957725978628966938844417378583619368750685252498210092817678531238298887405332887360365510979955307174e-50 0.939996560481267098973744769913032613073490021790375410398892272087957727106769673062179273144909436956169182668e-37 0.348223947085645338222794045712812867001356319785705889547764271895177192247645895392250689647827440090420360704e-50 -0.727555351683872825522023503314046024932421782092981793670468126623057911747632620025793173263886175498718368710e-38 0.114157312929731098456414071693658211079648455534430171086746287134404729008854670756630264598414579602317247830e-51 -0.537481356740041085059905999195814393874357330376024809780052943865327400637038045252329740812751957629332490214e-41 0.338887243311127714977918184188712958506162944082756479730616708644055803823895601821095336425027376086763493649e-32 0.266150671684250586311534663856384373955707736416935455515593748654687738740688041446275109985208771501285342452e-2 0.677424600756391682100984736842885810607506499608266252795232553493173292225084676419900971124941826572570935961e-30 0.184078906808117406054210880071454549030115111681916431065541210055656297153848976298879257280169108905535104691e0 -0.562657781811835243536622087597905994554317826150571601966610586015242429088555799459668958005638750628456090935e-29 -0.138924874603231829969659410503143496818709415161759178245643831826212941091871564586182535618942942747605567100e1 0.896806310088553923668402425823482313814323808943273568277688324150805218987497805966404570754120926737806688720e-28 0.129304724734221134301423000055456181360519293003434283345348787040755976931756517104508532633694440141496950997e-2 -0.911203961549185020491087368583934812377446130543399393381796509107634974561663739259341922842325752370512649781e-30 -0.118297556671858786959207327166793625234351990881651363294253579890527842198110101972829181258386898056132493682e-5 -0.931556888452839091515834740194709866517318862382596140716529312350125747559488585063301775943688703065729592381e-32 0.593542637672714126866441719791496174838643089738682137139714263697386208779374564767261095815126219008168474076e-9 0.657260266228468597400341345532776336288533581775025697661932661811621666690944577715892616835843710737477170898e-33 0.873648463556729185357708016905086303450626952420298334604263924316929584948446374118427522307852045020136051817e-11 0.309461678166738187533102066010177456199144044512387275672356598549015287385887305275400405579969929716712705728e-35 -0.642856169693670100404075359395554641420303790428709570788114429348588127213148597780045502634995737976585829472e-14 -0.286639615525774912713524483131872283235677105690087144366067136249014808506919099005438091953531144794058900031e-36 -0.481907945569452236618805367288806598439416694957686872984651366547116811561007989776627229357382132933760985217e-15 -0.540510447430701331652697630967160402435601654209315777835913695165821759022903653690253311403430310340636981882e-39 0.323690737087165267599380537928131024222934322827612061384230487221149809083103632995433837822556075007538425931e-18 0.949672876434470722090809193054301963516565994561125967706417816380746171507817703271451849801919896109994932970e-40 0.208232744899895438742543299724222484133286433778606199743527578541118852315567475663724725304169010333235443838e-19 0.316398973078928596456147777876814613286404204531531678239681341071854617039014605444147927495694710089608560646e-43 -0.120226068890129529006048416068891373799743613156452121375097649351552225786904694240799398545985134220833604596e-22 -0.262408810890969576671926774906825690535165714112944415723546176419475815935944668469807295214583918528639105211e-43 -0.413709072887057138441849594080959828391662290938724784507820840735622290704675457752805283689751361819736005821e-24 0.750026080002819492217978804700682833176137291872729036927667051545650399454561083017829212180435473831132107494e-47 0.795402088121190728424018601716387641755846385531420418449740795043029659752520693970847086544566005084753277259e-28 0.656115157664485549042440966816213731655036573761452593700900030623511049588014256617874943217752842382625741976e-47 -0.363345573444550202742629725399053099455442303663198433855105659318318947587308238981790775668248933439213189803e-28 -0.188228491624756242919283786912467442373434790644243063018252290706430143580457926475603728223294562563516425097e-51 0.363052940069276691108346789421948696487428625181829339901204121080393337435337135912553648142630804750805019246e-31 -0.216510389100940780462448787490383610095220706386402761970488883445974593643347018699593300690232532451492362892e-50 0.531549333775393799718804216222164032334948103361284313915662903172969229477830546685958390788877196520002037752e-32 -0.147280902734525001376535587517609916902489024793332716734987767945782484768599497118527952976753949982620231792e-51 -0.390216682723823570469064566706678208835639544929179953648299726453694678018977805457473831409298450869431095129e-35 0.863676480808968878943391287852207652843271699595789128221062184649631887087778630830164245528692362623414338576e-52 -0.386732910298384648719068397805330444761168430452485400537223172258864991126351778251567680067177897274964285106e-36 0.115960734972346152199928858487536170547073286728399498196632923164062615833507441198319337852311521675120607971e-52 0.237382892837561613125982416205340556470524838170676095815518662328399215729319505317000467935918497535608744648e-39 -0.756377559403513715695077070306529122720374176300360737881808991453180785868190073875613853977434080001561673344e-53 0.159712113671981535328741757993980205153358378792400428185933607000739239699864369685760892133849693297223503193e-40 0.106476246776399058953513482481517105737597257531652005431725609038742757638296394596607002875888627024303628773e3 -0.261336269993990757859450977357209943955864285635978356109116057756696602137490433332615644387211326261738294169e-27 0.425605804499561700734737057894788770410157233698406830608588869310307673315030248389183776408666344922867785795e4 0.153435151220645685146462327793023205847554207816342747932017901463699715910705771736895568349996704412159367655e-26 -0.525194048733726973868185768131091396857808138978975271485761573566752243905567733021569453572628234408672233192e3 0.120613783476175636164355228298008008595756398191735995604432386993738381286567200991693812573716777719206821601e-23 0.235767709919488157524465387054233603315309687504643965013900341900201880382952469899590052152423766700832431558e0 -0.252722738563972532589791409580935514376452795190496785689796513997772312458226762188102580265316598913934559920e-25 0.642209063394818022143458623170455387741984638892908537802252785600762705388791149945529056399738454528029590619e-5 -0.585319384755046538184624683354574492237213718765053157789558188888693391686401130356023142654716966743784599731e-27 -0.724890040834813139806171909136190620841604026052268580979086471156892673662883121023663458709041688798695299617e-7 0.139963947771033723365058932374091152117870210955625158687051666971033982598094030741945177005453371559058505297e-28 0.343989614235926837384934757316198018296388240586736188306455399701271207523044408361079936711914082804413271284e-8 0.143955556975877370585505840646720734888843500968265426852267113883734842475665965701406256423932819001436663539e-30 0.478705736761273037595419502460635914744925989367153867550508464871943025558700403049959650506859952647858381661e-11 -0.475096966910185114665932019543593619456993417187648967865523069482078915553142412636708261305696200638009692112e-32 -0.193167379107617575776102700110452129160581322360284528587013911094664281636860756820288557064730202037557103510e-12 0.174105469624979125695983209008898350879537052500642390403236518145581025011758258761830064824064643513039432666e-35 -0.203289330095374163557025426460659274869229379404225056659821072775316037948145215574027454866738942719221744122e-15 0.128891978086395147228531792339154398903765653481196339004236133519142978132743222673773119353552840802723394094e-35 0.866925624936096808825807130925491567070214603857937159792129438316029339140622574055926691773670125325850071051e-17 -0.123861516918825999303582270762844493558625939253418966449834882574363224288617541976877256272590045047502345595e-37 0.350955867465240006512883785305439487047514503716904087656656462442992421767735532719380332272164548532556799087e-20 -0.318564269361647848444355974716065774973387256391882388518927521186517145345105530899186405323336167636038926284e-39 -0.205020054315326233681299160667442693269335930386301998789677840577598639091839505159531609745035659177509687923e-21 0.475143273244652484935462324745038828460761580288375145144602624316055408825602024260198320116074402901847200926e-41 0.417929422583694025739073681573048840651527412873042586596851694005861347840701639121200070478789972958355643887e-24 0.789466014313095828255109582927001465312742050714569699649110544608700807663303830329024968984557675059219369083e-43 -0.114966425204044702103656247362696959437427471177462598573884396807928368457234530816710717320860889400702420811e-25 -0.106000783476662195692491243525247605133255209656741364546857976153024810901271893244161112417179525257875184490e-44 -0.566070721600968642420087520740681623119547103093682977191633994046056065968550187175819649986055525802827899125e-28 -0.210433223763542901988598475733829837422864742475168362350369859925182565796250618478821417782246924647139005319e-46 0.196468631450731873869429225396597620507014973101435075853975092439354449652203833498349640588742505475466812497e-29 -0.121889718097125951950969241916206648172018897672081986820890554464218670711110102506188458948793010756405138891e-46 0.400432843776160751691655585418668099789725493363218349572137096302620365489501619121459692803576826445508200513e-32 0.542856898480649991312761707195287847214483194828653216910136416795222142170480797756817295516738757839417660536e-48 -0.150951039949444850874492708489637678446458892696775021406132385409174560632496031735234494676414987294858661888e-33 0.983940519260933913474270534225277078835672416217988345573705495638707026549353399166046541521349796339299524776e-48 -0.158659248088886667360274732521137538882212646778597583628693855195912137332519427039096998458550982473658558883e-36 -0.755189743221702307982745248057305384691671243508965891478948995016839412995536077367335763486235719290240365214e-49 0.675433336792261971195569948396103565625939603756727297653460122890597270271550169187995233462152878953137469622e-38 -0.337121258865585891552366656382164428798952891216856254712942752520101067626378710563324834855569600655845685396e-49 0.271815716225861586693919886696776492530941367165914106801493614473344513597397786888922548161520169188062851753e1 0.323850451210555036204578407418217064980070765181007580520637375755601153498357254357482377365447884108229527383e-28 0.366265239092777930349169194278181748953941515766828955428283436908475243633923210492233247704587103243758392704e0 0.898566660864645469393947530999280372013327098303121133467315941189787372763308282494795795246898037356175081723e-27 0.540694281309799898083769461440757755484637414972305726177684174425620301575949069893037545661022009616759433655e-3 0.742499855786379381890855883138469689029197638838941650519338484415200866616283056491610489967687813500963332980e-28 0.319142087079981322593755561523978701704908274542753237891568433884007788630981991021927611894992274054751929375e-6 0.257474503104325196381462322318140432129086822777112446548444575189283926909771391225026352210259333696743695100e-29 -0.221948387340562504237602991890285937456010665625540268190985587299238888020045500894101592960529410873926294712e-11 0.745320261796664067945930707202911982736905027220934673109450545707108086323448663634300302575369301928121762070e-32 -0.232197776288312827399132637846263065294982539358176503465856075548493733171939577947687727720504072965701124701e-11 -0.538482812533954641434933325981086610776904358929908067125242356654010295047897827257263157720915089105662612426e-33 -0.243116009925083863284286571498451010647889309136354436037608144786791893366744226582624184512355446938562689237e-15 -0.189302167549488337885816908021098247240309410804876484926279385492090757917831979118508611655224956790047719786e-35 0.129483105720633522160172259346886148565331322060733825291090456677965799704549395637907891609407470922889616972e-15 0.164335700648613256629516807712558328966198065205640076189945376417750089491946992763126504885845394878763192684e-36 0.704260570310780195491451577577923353209246913248826697602443363405581455670482986054585564761023968111024172900e-19 0.643937787880920368883426998097559350374839531545902006430172089934155804081640157359378409197818056880036891864e-39 -0.573016799371070013334755753399278410899523337845975904651757241801084987674910219161039920558331902979257331740e-20 -0.502519121763125716488226841182066545284799672602576162755221652818719002059210011541088882138323677365911107065e-40 -0.764689384076338933976647269447499355063835917523271892124038872564689645702469813160431402665595840733412264500e-23 -0.254102329783121405126555333351282526065423667999521381426712991543328215215706832475296433915477264373077839562e-42 0.128296466510243490588965121688511866903506957115615077405113055309456501919899606928227482532977377239876129644e-24 0.138772235522298434446511470560366680063736677496666808455660637372786887711288612743355631758672919829644258792e-43 0.567226390853586794018638376537161342998103639344983243852024381429169246201202283242160566017995939533194918430e-27 0.832454565929701298266887745711356078025807059486883933898492817886128626724998595242977678798375435131492943587e-46 0.834900963759272266944228594228659331330069298842175601542371391107306662000042678598477287614053062796882751429e-29 -0.353116698796068868248473576336333348960007052659852334358624673016616019209525614349793771666904372248908360662e-47 -0.291331950493473493169658769442154805157660402003671059533033578816061394731423696312552148152727091990625701810e-31 -0.280902022013141396049235156238585205315075059886495526952966877297525450369833861010389824437312770111762919470e-49 -0.134523688836254958514186270113448718581319416042792633936530145220350809215183834547023841602955434966046646532e-32 0.657734018378437009976184863291923618864859756937463191958895275149986802346980861397170655073352076674378170509e-51 0.615468987593376724989387436700589255184546226740938083298465211312242759582383397395969841702777566767026330842e-36 0.519028959044268884508473831573959615052066368077294845213078432107084342331513137812676376464725688218541415053e-51 0.101236915215929289004596772012507699438207191151242791207775617249704577261063158397626821641000657664336794862e-36 -0.624016378742116990755066033706619896844773819618153347185462081210913754026364408882503430106794354111747786654e-53 0.694882196940630599928798708971435828610852842735408122175479493418588044758867212890813057292924416882010250201e-40 -0.350778192319368308253204465566574111359811144316164365572403869476637732286688040708380158498349178323302933892e-52 -0.439615846680056149094006488487477465655458794904757772053926454951753356730014055400027686020843907233681608953e-41 0.251191300288435271758832236254872945215194167497582365362828521468334729968972370056828093602535245006048638274e-53 -0.105957500034438735512847522743625060278676314880589960407906265722901174225275869599754612839361568716791135277e-43 0.497491736420608390173330959570588995130134468825468693842201515696039204744868198614705299093065364547199340526e-54 -0.122120420232960465858343349082193031266802512928083471588229526222211320834596558875528113298670199836360493945e0 0.282214781234528842605468798214258152831070730474503483079650495018206647984049841830333557071596646069048352771e-27 0.832213785642302813839872620131874473228197720040208613566126879940982765623814728860081574575314157163031914450e-4 -0.563572985640214846427537227320887746145644495516339902911740292125047613079880157294828513749807629781995455780e-29 -0.137593540792804953123761202875927494410457152125289826047193446573675811338169864715036682055146668219496116117e-7 -0.193057037008080271257539504383791749839732978007919248939224484530157544231641356072668609680580224964944802570e-30 -0.167775060666087165682366203205503547359159197272294568737505696924768368362534947464693277005565826598876074418e-10 0.509629975220323732454751033428347118390143904483891153143551331670492706046770900243985109061252966831480864406e-32 0.798005509403160317922315225811172290034026127350461365090126577636880519410578488407448922209080228224932978086e-12 0.464468121177186696697723650469286356450529404140480786392306468541162389816997116551455169389346551988751009285e-32 0.940401195499445284373616691125605854261061537740612689853101524688322401779711495960938012845928522125821605591e-15 0.637855680624226295221653354781906082772159285546486576550366195424478143338332296195632033847734809538337424476e-33 -0.448142922265489959146741296121237503692544048478968200456825617885089355267849763689705442070625892186622017654e-16 0.174058285055427090716204249299677152637639910836076890830710856779595218238094686370992668545639762636503337944e-33 -0.373648204050080449417047722215691454537733977695788839958961908265610118686778986609323236452032781397309597066e-19 -0.385384121386707560307359672274602667021664688855770983087618054717802998170658893611846996919436984206171918136e-35 0.201055573274892702335058543174188636254495529231329827968132353916776965461066529977006050486046792903147617495e-20 -0.914252006677762659800567645704115546372724881676618581761661603412712752923434834845038140006534445302488053627e-37 0.355026769657352294737673859180438027648198236360156741572658150879686125715402676035742007496214523964513922404e-24 0.589283476214820672275396304633632380519240950296200528430014588006771382440722562262155160945878259542243123428e-39 -0.474676175502055238465035445200665917976319394001873196403747465445386266987877334731053256768397796024482017767e-25 0.132241966645996207030328517089193028408390283245372302258515005951842584143080128112010675624503037245456962707e-40 0.109510419177114906741519293070749140036627092947627752928397321357794683888204375564507150445669497570545444218e-27 -0.141603018493879486388232434054814707368090384990017295873995252215823889799501250125669172462920031082737896354e-42 -0.267560030748974522409531814484145730757670457847679453741796752222787103932378077709350832174839447152633114897e-29 -0.231443217789420110464395416764339833042190390276029517204958688656131647917902467248096581703060734882918325954e-44 -0.126968026673155019018483497331763246926242191613482709211098855059129206549120496092475987164825830453157426706e-31 0.109044487211095050247540899216724292742238791385072170913736980175145105907488860144136603620034267332379433560e-46 0.456323452216745279768124163064064436091558357922111013263576246256135762041219170272155025942520729369337534718e-33 0.149901126936864136333343571501783505621754992444967945030773487682902236112729886179413784849019831236557014630e-48 0.835379932800021124138266016042914899717057265634207544195045415553483175178402840245643924895014504147482241842e-36 -0.226860801880655182744203173001334930700260358146790280278358541411692367470717283573367397368224208731623987467e-50 -0.350395838456079815418908058392193438722965545410800990209259051292929850492799140374469938687928052773046100400e-37 0.202825432198306126715334656892542917064712839493492072110836884122811382445803388004620044108614638989189065488e-51 -0.291071346509049559197590105048009638195176691016293721840646777376238804292875818664806148276639124621498593658e-40 -0.168253957934623718228202306114678696846117072657692663914980742114571662455043576182530242537401132734250656706e-52 0.156664563009968932227748674696125081330395273217101189646220356803730126623834380907966829981545591754095875998e-41 -0.797381679994306709827835939775053533223672852847945888342395309375986364052607677821208415354338793583475584324e-53 -0.934317522052646820102806721718697935003633000095922980653436228540511994016187429915980564815005086940182206305e-45 0.164492874709978022077852249050193457433335794611996377905351577989215318017010236819353963266467124514381670752e-53 0.136275494280946055135046792827188584784986335192301314813172410672748420934410543537089647672180889387227324032e-47 -0.989023982337254528807678538434743060352732910526661279958691136652171715827773085110757565614832637159422166333e-54 -0.984846504116486029717381254609087658544922046134287974926544846610204581917299111850318215743931631634570985733e-7 0.145862547021612496241689677672806457038426858964234717679203936088817617518358604952535528634766660642607503575e-27 0.112433645706553110127147227892544878941449270669384788586938685652733420999310609061628008607889100819514472436e-6 -0.419316945164410519366272976606331628899970485536362171832794616628751860935013562268371475570956963426316632970e-28 0.118168689784727257332230803506886956397798032325506101966436747277832680823637395059106117718453036449079150344e-10 -0.433288827493239025672476325494651258775864830060324528015226360310891234716437772319517068897087647895951392022e-29 -0.650987911407283338377258466883988973640737292435795419125695142576766707026497275273614500297492362320631022445e-11 0.349702633328740979522785074613109246864297768133006362758257249065660850803851820141872961706979450128113524973e-31 -0.110881690740677474399053163375004171755913005288324831870452351488608572138692385479446128264115511446906956594e-14 0.155143634482857430814320055320023829306660449376901600491364026297411589221226234159787280954338822627313567463e-33 0.364975603022255653534534371152185963129990930715694166957533908501456586147886005965815306013462039420928477522e-15 -0.142069354888683214869276863270514063598533333847465335734604572084394843463769662047498735049785496426409236392e-34 0.844145437652234327881654554639062261029806984803275108860582297892394245439526881927741012669713793962588688867e-19 0.208772690059178517481116637969115890044011194355685313178803322956219586067104751669972600000677024079014581446e-36 -0.163380963510706243412101996801986992397737558939339583284522244406302762552453128077855059018221946303737074575e-19 0.525468190809633098619110752087650876617447804352466053559491637839308590361154126250449403629403655623408849881e-38 -0.512752288661708372273181520861248987917489525536629658889960422070610713618586038060636592415069667203227722378e-23 -0.386114093364927793701468778418036977192970587541749317893236615565112436701702959446347079455190938005577186901e-40 0.383157692943394572750792643543523988431673645544734309081159417987306718082042493773691208631489022385284495786e-24 -0.725001029066368901362228058119031429625458896513762703502123160400052865245503257868020305912228610038163465617e-42 0.220003225539385346959925468239046595901334693822305622713881563248712198020023629896129323799799495288516655591e-27 0.879170354338799965668521741372532731929739255119194713874427291521112157770904168975382501550828371778456437981e-44 0.219679481782847353986370726294345295159206328293301911134557471932997189980458942123260668022651767793852357046e-28 0.116390218207151828752496545034049238753288270006535042975016671109820678344126955205953178275847108727830466328e-45 -0.224479561713500337728475081854370274614084441279069874485741543048075472749915328169733627871023455307575450124e-32 -0.790939966100062831713053124751618819570555054255244618845068114318252471239045537826592096954374937995528923504e-48 -0.371799975132995849535542773316419862065032814358599999892820910527205552051586745621499394708391789026819705783e-32 0.429222891384363841459937571877170221919919629965000750934148413457530517448106746923805534018576553000861415569e-50 -0.719386132956478115686799700850304718307270428833288650770519968307972840362854524181023287312711385381944956636e-36 -0.552571379636685307555597111079143744572724401272976250682039048992214850320501351073178702165290214163924545736e-52 0.284619972833027747044283692425106419601281478009842807478182096824383982922588846122879619124441880635417032472e-36 -0.880712620655583767646275062483827238812415474051691985681889197317764633581703233059617694826537597910513985292e-51 0.874297638955186659123676782683485151336366237468696127526700950136710710647907359367969401793133016557812892483e-40 0.341481742114636750161102082154800096309686263195762877730502228983690610595000984972964648805377633040051008948e-52 -0.126671112403615892177724594386141090545714450094917467677672682539983808209268655835999040137129462327811321287e-40 0.306321565484948908383945908677154964524049393262426212374633380157306872554340162618811496827872112276849088448e-52 -0.602436471647057069674559536398341004383740913494983237280595717490753671536534840766046617962890545417298300552e-44 -0.352867073354969229909978465880662504123240014305651599943192024988454275920994084979867611168645770531756312163e-53 -0.173827448525221533553432270728352698193221737944398425483539154643656497303759033079294295651620580084928928819e-46 0.386201205943943881720543457712233457287562409269597018126746049418157182066139775520948102874341729814316859095e-53 0.225241235601505659187632699462310886265984638785206697750810063553761375540133897387461114752085705126625523989e-48 0.264310141996894628472679401264203400486762772027689992645559815122337119145590595116059783151790134859216492798e-54 0.10006238749799320141985193957714256841488263674577172048863402147962596178521532325721191625692484180578567216e1 -0.16077762456579395370803826368328613108865982170476775642906905260949898087886312854084124964395720276178274736e-29
D 0
excl 1 168
drow 1
modes 0
tangent 1
chord 1
vpar 1
gauto 1
mu0 0
ppmax 21
gmask 6 1 1 1 2 2 2 3 3 3 4 4 4
